1.88387834085914
1.91833316283716
2.0607952991009
2.0830320991009
2.01852094305694
1.96726634085914
1.79664166393606
1.61502076723277
1.60720123316683
1.7816134969031
2.17674432767233
2.51151812987013
2.39789052547453
1.99353508811189
1.77800918041958
1.86939998481518
2.02194198921079
2.02615720679321
1.95291016503497
1.93146753646354
1.96671652987013
1.95016111008991
1.80977603756244
1.67910429250749
1.70964934745255
1.8637186045954
1.99255764635365
1.97759056943057
1.87489809470529
1.90428243756244
2.02982261338661
2.08199356723277
2.05199832327672
2.01882639360639
1.99555106173826
1.97563568591409
1.96995430569431
1.97410843316683
1.96189041118881
1.96335657382617
2.00502002877123
2.03086114525475
2.02359142217782
2.0089297958042
1.98412721118881
1.96549472767233
1.94209721558442
1.92291492107892
1.90733694305694
1.89847887712288
1.89799015624376
1.92187638921079
1.94319683756244
1.96922122437562
1.98681517602398
1.99634523316683
1.99982736943057
1.99689504415584
1.99982736943057
2.00129353206793
1.99793357602398
2.00532547932068
2.00349277602398
2.01247302217782
2.03183858701299
2.03776432767233
2.04802746613387
2.05694662217782
2.05407538701299
2.03843631888112
2.01974274525475
2.00880761558442
1.98290540899101
1.98308867932068
1.98382176063936
1.98644863536464
2.00233206393606
2.00532547932068
2.00471457822178
1.99041949250749
1.98632645514486
1.96916013426573
1.97844583096903
1.9668998001998
1.96909904415584
1.95388760679321
1.92297601118881
1.61104991008991
1.11108845074925
1.03625306613387
1.10882811668332
1.09777080679321
0.817183932067932
0.517659123276723
0.336099316683317
0.241287466133866
0.423519263936064
0.739660582617383
0.976201488111888
1.00790725514486
0.876380248551449
0.794030780419581
0.786638877122877
0.813946156243756
0.78841049030969
0.733429391408592
0.667390982617383
0.622673022177822
0.594815932067932
0.598114798001998
0.590295263936064
0.594143940859141
0.56567594965035
0.556756793606394
0.541545356243756
0.596526455144855
0.579604494705295
0.653401347452548
-0.331798854745255
-2.89391806353646
-5.28235808991009
-9.24881674485515
-12.5891017734266
-16.0049552679321
-17.9659477954046
-20.4867700899101
-21.5676984943057
-23.4806741954046
-23.1190207448551
-23.9466084635365
-13.2268825206793
-18.07413838002
-15.4609478393606
-9.12407074045954
-3.06839141738262
0.615403299100899
5.05567684635365
10.9929635364635
13.4476863320679
16.6031737782218
17.8930914485514
18.4471176551449
18.0284671320679
16.7949356331668
15.2990221122877
13.8550962749251
12.1744462617383
10.5592237562438
9.00270884635365
7.42872216503497
5.93256428371628
4.46322496063936
3.11710438921079
1.87159922877123
0.658777277122877
-0.969946142657343
-2.98072710969031
-5.29207141738262
-7.65210454265734
-9.92441227012987
-11.7291973866134
-13.6997810613387
-13.7211625998002
-13.971998591009
-11.3914912591409
-9.18039582177822
-8.28951874925075
-7.223679601998
-6.60019394045954
-5.47357013386613
-4.78636748771229
-4.6257004987013
-3.69016655584416
-2.90179868771229
-3.67544383936064
-3.28361187452548
-2.56904085914086
-1.95875066133866
-1.98776846353646
-2.08062543056943
-2.22394282837163
-2.07812073606394
-2.11947874045954
-1.92594527232767
-1.22725768551449
-0.347193562437563
0.380817277122877
0.502692046353646
-0.0573820811188811
-1.03671763276723
-2.02649959320679
-2.16309707892108
-2.07445532947053
-1.93859092507493
-1.98679102177822
-2.02668286353646
-1.96785308771229
-2.0585719008991
-2.21343532947053
-2.53721291188811
-2.74809597122877
-2.82274808551449
-2.88224985254745
-3.01261614705295
-3.12740446353646
-3.29839568111888
-3.35068881518482
-3.54727678881119
-3.6225398041958
-3.84118130749251
-4.02597888991009
-4.48103911848152
-4.31719544375624
-4.30711557562438
-3.68760077122877
-3.72113924155844
-3.90367648991009
-4.15817788771229
-3.1197681998002
-2.954214001998
-2.03896197562438
-2.84150274925075
-1.5298369998002
-4.96969890749251
-2.83844824375624
3.0003000991009
-0.222630828371628
-1.02663776463536
-1.7633233998002
-1.0678124987013
-1.40655715804196
-0.895294028371628
0.596526455144855
1.43651546613387
1.05647389250749
1.97667421778222
-2.67197769430569
-2.92996122837163
-1.13568361078921
-2.19455848551449
-2.72885258661339
-3.04090086793207
-2.71932252947053
-2.63263566353646
-2.51338776903097
-1.55549484595405
-1.30288724155844
-1.74310257342657
-2.08227486353646
-2.48992916683317
-2.88304402397602
-2.32920108771229
-1.98043765034965
-2.04946947452548
-2.34038057782218
-2.90350921078921
-3.42399694705295
-3.60311314925075
-3.34836739100899
-2.93368772507493
-2.50422425254745
-2.14428132507493
-1.84536741738262
-1.56899576023976
-1.35805161078921
-1.1876102041958
-1.01411429210789
-0.880510221778222
-0.756497298701299
-0.665167584415584
-0.631751294305694
-0.554166854745255
-0.458011021778222
-0.348232094305694
-0.249510476723277
-0.170643144855145
-0.10124478001998
-0.0192007624375624
0.097236987012987
0.205794112287712
0.33787092987013
0.473368793606394
0.593960670529471
0.742715088111888
0.862085162837163
0.952559615584416
1.04114027492508
1.07266277162837
1.07144096943057
0.929101013386614
0.617174912287712
0.381855808991009
0.327546701298701
0.511794472727273
0.756765813386614
0.984570833166833
0.998132837562438
0.970764468331668
0.885238314485515
0.918654604595405
0.881939448551449
0.833189540859141
0.538490850749251
0.45443085954046
0.249840081518482
0.364689488111888
0.237072248551449
0.480638516683317
0.139755703496504
1.7507019012987
1.59730463536464
-0.154454265734266
0.433110411188811
-0.424167100899101
-0.820458643756244
-0.972267566833167
-0.444021386613387
-0.478476208591409
-0.826628744855145
-1.44095088991009
-1.52714903496504
-1.41297161958042
-1.36287772947053
-1.29176884155844
-1.13305673606394
-1.01649680639361
-0.79632805034965
-0.637738125074925
-0.477498766833167
-0.479575830569431
-0.582390485514486
-0.643480595404595
-0.643419505294705
-0.5903321998002
-0.512197949250749
-0.392216973426573
-0.307912621778222
-0.182738986613387
-0.174980542657343
-0.191841412987013
-0.247555593206793
-0.0281810085914086
0.151057373826174
0.0409119056943057
-0.216766177822178
-0.313349641558442
-0.163678872327672
0.00456329030969031
0.234384283716284
0.622428661738262
0.906925303496504
0.879129303496504
0.727503650749251
0.617113822177822
0.702456705694306
0.903137716683317
1.08164301778222
1.12538353646354
1.11206589250749
1.11964106613387
1.17028476723277
1.23607881558442
1.2905101034965
1.31396870569431
1.34274214745255
1.39882286833167
1.46748815184815
1.51116758041958
1.58221537822178
1.63377543096903
1.65149156283716
1.66743608151848
1.67354509250749
1.67867666173826
1.65417952767233
1.64190041558442
1.68594638481519
1.73830060899101
1.7803306045954
1.81655703976024
1.82034462657343
1.81221964195804
1.79590858261738
1.83586151448551
1.83011904415584
1.7296869034965
1.52998333426573
1.39961703976024
1.37573080679321
1.55631317162837
1.954559598002
2.338144398002
2.64121243316683
2.73804025734266
2.70266908371628
2.56277273206793
2.39007099140859
2.20020292987013
2.11198881118881
2.11321061338661
2.19409391888112
2.27412196283716
2.34743009470529
2.39471383976024
2.42507562437562
2.46747216063936
2.44822877602398
2.41640082877123
2.36710111008991
2.31615195844156
2.27137290789211
2.24076676283716
2.23606282437562
2.25121317162837
2.26190394085914
2.27589357602398
2.288111598002
2.29556459140859
2.30766043316683
2.28963885074925
2.26165958041958
2.21883541338661
2.14998685954046
2.07478493426573
1.99738376503497
1.93659910569431
1.89566873206793
1.91711136063936
1.92664141778222
1.93818744855145
1.9625624023976
1.98510465294705
2.01662714965035
2.07301332107892
2.10459690789211
2.11968616503497
2.09934315844156
2.0749682045954
2.0465613034965
2.01613842877123
2.01882639360639
2.00605856063936
2.00453130789211
1.98223341778222
1.97667421778222
1.96140169030969
1.94820622657343
1.93696564635365
1.93220061778222
1.92370909250749
1.88455033206793
1.84679664415584
1.79193772547453
1.74929682877123
1.72437206393606
1.70720574305694
1.68503003316683
1.67275092107892
1.66432048591409
1.65094175184815
1.60854521558442
1.57812234085914
1.54244571668332
1.50444766833167
1.4894195012987
1.46510563756244
1.42637450789211
1.37053814745255
1.3313182969031
1.28269056943057
1.26308064415584
1.22972544415584
1.20388432767233
1.19979129030969
1.19123867492508
1.1682077034965
1.15366825734266
1.13851791008991
1.12825477162837
1.12245121118881
1.11340987492508
1.08573605514486
1.06404906613387
1.05048706173826
1.02275215184815
1.00265350569431
0.968992855144855
0.9551254001998
0.92690176943057
0.918776784815185
0.898922499100899
0.895196002397603
0.872226121078921
0.841803246353646
0.826652899100899
0.797085285914086
0.784989444155844
0.755482921078921
0.736483896903097
0.723960424375624
0.692499017782218
0.642954938661339
0.62682714965035
0.611798982617383
0.580398666133866
0.564270877122877
0.533970182617383
0.52120234965035
0.5103894001998
0.494505971628372
0.491512556243756
0.468053954045954
0.457302094705295
0.439402692507493
0.424924336463537
0.422725092507493
0.416493901298701
0.426390499100899
0.43231623976024
0.436287096903097
0.458768257342657
0.461211861738262
0.452048345254745
0.465365989210789
0.483815202397602
0.464816178221778
0.477522921078921
0.489374402397602
0.491023835364635
0.492184547452547
0.501348063936064
0.4992710001998
0.529938235364635
0.513443905694306
0.496521945254745
0.488335870529471
0.505746551848152
0.490229663936064
0.483754112287712
0.492795448551449
0.486442077122877
0.486503167232767
0.471780450749251
0.486136626573427
0.500309532067932
0.488885681518482
0.495911044155844
0.480394156243756
0.495972134265734
0.502692046353646
0.498415738661339
0.5381854001998
0.528716433166833
0.512588644155844
0.527800081518482
0.518208934265734
0.542706068331668
0.550953233166833
0.562926894705295
0.568913725474526
0.585408055144855
0.602391105694306
0.594938112287712
0.632203079320679
0.641183325474526
0.66036561998002
0.689200151848152
0.712108943056943
0.710826050749251
0.71577434965035
0.740821294705295
0.751939694705295
0.76043121998002
0.784622903496504
0.800628512287712
0.805943351848152
0.808997857342658
0.81028074965035
0.83245645954046
0.846385004595405
0.837649118881119
0.83832111008991
0.835205514485515
0.847912257342657
0.840764714485515
0.836427316683317
0.849867140859141
0.836671677122877
0.842597417782218
0.864284406793207
0.834044802397602
0.836366226573427
0.859580468331668
0.838687650749251
0.857075773826174
0.902710085914086
0.894340740859141
0.930689356243756
0.946756055144855
0.963372565034965
0.974368784815185
0.957141373826174
0.967037971628372
0.975957127672328
0.970336837562438
0.987442068331668
0.99917136943057
1.01419953646354
1.0144438969031
1.02171361998002
1.01584896943057
1.01102285074925
1.0125501034965
0.984204292507493
0.972963712287712
0.959829338661339
0.952865066133866
0.941746666133866
0.937959079320679
0.938631070529471
0.937714718881119
0.927818121078921
0.918043703496504
0.891286235364635
0.881084187012987
0.851394393606394
0.819138815584416
0.81596212987013
0.808203685914086
0.80478263976024
0.810891650749251
0.807409514485515
0.810036389210789
0.800261971628372
0.794152960639361
0.798245998001998
0.773015782617383
0.777353180419581
0.751145523276723
0.732879580419581
0.747174666133866
0.74375361998002
0.737461338661339
0.74931281998002
0.739843852947053
0.744853241958042
0.713208565034965
0.712780934265734
0.708199176023976
0.717301602397603
0.739538402397602
0.729580714485515
0.717607052947053
0.719073215584416
0.725304406793207
0.719378666133866
0.734895554045954
0.765440608991009
0.778391712287712
0.791159545254745
0.819322085914086
0.827813611188811
0.855426340859141
0.845713013386614
0.830562666133866
0.857992125474526
0.873997734265734
0.887865189210789
0.898433778221778
0.88823172987013
0.901427193606394
0.921098208991009
0.92170911008991
0.914683747452548
0.934721303496504
0.945778613386614
0.945534252947053
0.978034191408591
0.985242824375624
0.984509743056943
0.996605584815185
1.01145048151848
1.00265350569431
1.03747486833167
1.04608857382617
1.0403461034965
1.05635171228771
1.05030379140859
1.06649267052947
1.06404906613387
1.06899736503497
1.0786496023976
1.07779434085914
1.07767216063936
1.07339585294705
1.07296822217782
1.07968813426573
1.06184982217782
1.05213649470529
1.06239963316683
1.05787896503497
1.07895505294705
1.06294944415584
1.02146925954046
1.01786494305694
1.03521453426573
1.01768167272727
1.01114503096903
0.981699598001998
0.960134789210789
0.950238191408592
0.945717523276723
0.932338789210789
0.913339765034965
0.898617048551449
0.885910305694306
0.871004318881119
0.857197954045954
0.833739351848152
0.813885066133866
0.823659483716284
0.78841049030969
0.7827902001998
0.796902015584416
0.786516696903097
0.781385127672328
0.776497918881119
0.768495114485515
0.772221611188811
0.775398296903097
0.759453778221778
0.76580714965035
0.767212222177822
0.752794956243756
0.774359765034965
0.754077848551449
0.74931281998002
0.758659606793207
0.759453778221778
0.752917136463537
0.745525233166833
0.75468874965035
0.756949083716284
0.768434024375624
0.768067483716284
0.769289285914086
0.779430244155844
0.770694358441559
0.778819343056943
0.780224415584416
0.788593760639361
0.785600345254745
0.786638877122877
0.791403905694306
0.790854094705295
0.805210270529471
0.811502551848152
0.824575835364636
0.834961154045954
0.833372811188811
0.837649118881119
0.845468652947053
0.855853971628372
0.862879334265734
0.868194173826174
0.883405611188811
0.883466701298701
0.897761787012987
0.897883967232767
0.889392441958042
0.906192222177822
0.914133936463537
0.901182833166833
0.9106518001998
0.902648995804196
0.897028705694306
0.904237338661339
0.909307817782218
0.897150885914086
0.891469505694306
0.892813488111888
0.885849215584416
0.891286235364635
0.885910305694306
0.885604855144855
0.88291689030969
0.880045655144855
0.875769347452548
0.883161250749251
0.879923474925075
0.872775932067932
0.875219536463537
0.884810683716284
0.883772151848152
0.877907501298701
0.870026877122877
0.869782516683317
0.880778736463537
0.873875554045954
0.875219536463537
0.890858604595405
0.881572907892108
0.900510841958042
0.908880187012987
0.893302208991009
0.913889576023976
0.908635826573427
0.929589734265734
0.93282751008991
0.926657408991009
0.93294969030969
0.941502305694306
0.942296477122877
0.950849092507493
0.948649848551449
0.945961883716284
0.94364045954046
0.941319035364635
0.946389514485515
0.948405488111888
0.936676187012987
0.935393294705295
0.929650824375625
0.934904573826174
0.933560591408591
0.933071870529471
0.928734472727273
0.933255140859141
0.930383905694306
0.937470358441559
0.930017365034965
0.932033338661339
0.947550226573427
0.939730692507493
0.945595343056943
0.949993830969031
0.944862261738262
0.956530472727273
0.94388481998002
0.958485356243756
0.950910182617383
0.946694965034965
0.950849092507493
0.941013584815185
0.941685576023976
0.945350982617383
0.94950511008991
0.953842507892108
0.947428046353647
0.949932740859141
0.95500321998002
0.945228802397603
0.937714718881119
0.940463773826174
0.928306841958042
0.923908354045954
0.921037118881119
0.919204415584416
0.925618877122877
0.918471334265734
0.913400855144855
0.902404635364635
0.91040743976024
0.911445971628372
0.912606683716284
0.896173444155844
0.906131132067932
0.911629241958042
0.881450727672328
0.885604855144855
0.891286235364635
0.89372983976024
0.896051263936064
0.882977980419581
0.908147105694306
0.895012732067932
0.889392441958042
0.884077602397602
0.892141496903097
0.875769347452548
0.853593637562438
0.860069189210789
0.86019136943057
0.865017488111888
0.856159422177822
0.867338912287712
0.867338912287712
0.870210147452548
0.879556934265734
0.876563518881119
0.866361470529471
0.857992125474526
0.857747765034965
0.861107721078921
0.858236485914086
0.841253435364635
0.86031354965035
0.844674481518482
0.842291967232767
0.825247826573427
0.820421707892108
0.81596212987013
0.818650094705295
0.822743132067932
0.826164178221778
0.826041998001998
0.828424512287712
0.822132230969031
0.822071140859141
0.824575835364636
0.8217046001998
0.821093699100899
0.818589004595405
0.812235633166833
0.809975299100899
0.810952740859141
0.809425488111888
0.81040292987013
0.805576811188811
0.803621927672328
0.802277945254745
0.803988468331668
0.813396345254745
0.813762885914086
0.814373787012987
0.824453655144855
0.824148204595405
0.823415123276723
0.818894455144855
0.827874701298701
0.825553277122877
0.817061751848152
0.83813783976024
0.840947984815185
0.844369030969031
0.850172591408591
0.846385004595405
0.862024072727273
0.864712037562438
0.8495006001998
0.838870921078921
0.841864336463537
0.836977127672328
0.834838973826174
0.844246850749251
0.841192345254745
0.86068009030969
0.891164055144855
0.918288063936064
0.902282455144855
0.904359518881119
0.900022121078921
0.89947231008991
0.887865189210789
0.883222340859141
0.896662165034965
0.909552178221778
0.914989198001998
0.913767395804196
0.902038094705295
0.903748617782218
0.889820072727273
0.886276846353646
0.89360765954046
0.885849215584416
0.879740204595405
0.880412195804196
0.879251483716284
0.878151861738262
0.867033461738262
0.860985540859141
0.869049435364636
0.866300380419581
0.871126499100899
0.868133083716284
0.867216732067932
0.857014683716284
0.850111501298701
0.870698868331668
0.859824828771229
0.84925623976024
0.851883114485515
0.834228072727273
0.845590833166833
0.840886894705295
0.827813611188811
0.838809830969031
0.845774103496504
0.854204538661339
0.852677285914086
0.862024072727273
0.853349277122877
0.862451703496504
0.869354885914086
0.872898112287712
0.87161521998002
0.872470481518482
0.854571079320679
0.860863360639361
0.868988345254745
0.864834217782218
0.863673505694306
0.857442314485515
0.85487652987013
0.851577663936064
0.840214903496504
0.814373787012987
0.827752521078921
0.83813783976024
0.835816415584416
0.842169787012987
0.859519378221778
0.905520230969031
0.913828485914086
0.872409391408592
0.848095527672328
0.848217707892108
0.830379395804196
0.820788248551449
0.815290138661339
0.828241241958042
0.832028828771229
0.844246850749251
0.862390613386613
0.869477066133866
0.879434754045954
0.861474261738262
0.864712037562438
0.862329523276723
0.862512793606394
0.855304160639361
0.857075773826174
0.844613391408591
0.848462068331668
0.839542912287712
0.849806050749251
0.837526938661339
0.830990296903097
0.840764714485515
0.834900063936064
0.830318305694306
0.840153813386614
0.834105892507493
0.833739351848152
0.83263972987013
0.829035413386613
0.826713989210789
0.825614367232767
0.81608431008991
0.815167958441559
0.79952889030969
0.800811782617383
0.795985663936064
0.788838121078921
0.784134182617383
0.773199052947053
0.776192468331668
0.768189663936064
0.759820318881119
0.756887993606394
0.766418050749251
0.762386103496504
0.759514868331668
0.760858850749251
0.751023343056943
0.757621074925075
0.752917136463537
0.757621074925075
0.751328793606394
0.754261118881119
0.756949083716284
0.756887993606394
0.755177470529471
0.758476336463537
0.752122965034965
0.75474983976024
0.758903967232767
0.758537426573427
0.765135158441559
0.758476336463537
0.757865435364635
0.75474983976024
0.745769593606394
0.745464143056943
0.742409637562438
0.741187835364636
0.730252705694306
0.729030903496504
0.730130525474526
0.727686921078921
0.722738622177822
0.720539378221778
0.709298798001998
0.712414393606394
0.712414393606394
0.708504626573427
0.690421954045954
0.698424758441558
0.696225514485515
0.682968960639361
0.688833611188811
0.689566692507493
0.687856169430569
0.684068582617383
0.690849584815185
0.683824222177822
0.675088336463537
0.664092116683317
0.662442683716284
0.659143817782218
0.664458657342657
0.667757523276723
0.668918235364635
0.672705822177822
0.66598591008991
0.665008468331668
0.66561936943057
0.664580837562438
0.670812028771229
0.667085532067932
0.659999079320679
0.663664485914086
0.661831782617383
0.663786666133866
0.656578033166833
0.653156987012987
0.653095896903097
0.658716187012987
0.651446463936064
0.649674850749251
0.649980301298701
0.655356230969031
0.647964327672328
0.646375984815185
0.647842147452548
0.649552670529471
0.6604878001998
0.64906394965035
0.655417321078921
0.653279167232767
0.66030452987013
0.653401347452548
0.661404151848152
0.656394762837163
0.648697408991009
0.657188934265734
0.651385373826174
0.64374911008991
0.647170156243756
0.651507554045954
0.646742525474526
0.649980301298701
0.645826173826174
0.64368801998002
0.652790446353646
0.651202103496504
0.652484995804196
0.652118455144855
0.655783861738262
0.647475606793207
0.648575228771229
0.644909822177822
0.637517918881119
0.650896652947053
0.655417321078921
0.65468423976024
0.670262217782218
0.672889092507493
0.676126868331668
0.688772521078921
0.700746182617383
0.709298798001998
0.717118332067932
0.720661558441559
0.731902138661339
0.737278068331668
0.728358912287712
0.73263521998002
0.72707601998002
0.736728257342657
0.742470727672328
0.742226367232767
0.747785567232767
0.752611685914086
0.757804345254745
0.765074068331668
0.769655826573427
0.774298674925075
0.784256362837163
0.779918965034965
0.775459387012987
0.783278921078921
0.783828732067932
0.787066507892108
0.786883237562438
0.786272336463537
0.794397321078921
0.801667044155844
0.811136011188811
0.800261971628372
0.811258191408592
0.816634121078921
0.821826780419581
0.813823976023976
0.824881285914086
0.83288409030969
0.835755325474526
0.842291967232767
0.848706428771229
0.857381224375624
0.839542912287712
0.843208318881119
0.833128450749251
0.823048582617383
0.826469628771229
0.818833365034965
0.813335255144855
0.808020415584416
0.810769470529471
0.809547668331668
0.807653874925075
0.800078701298701
0.806187712287712
0.81021965954046
0.806065532067932
0.811502551848152
0.811930182617383
0.820360617782218
0.814557057342657
0.822620951848152
0.824148204595405
0.836366226573427
0.843025048551449
0.849806050749251
0.848217707892108
0.840459263936064
0.839970543056943
0.828485602397602
0.819749716683317
0.821826780419581
0.824881285914086
0.826530718881119
0.812846534265734
0.805698991408591
0.794458411188811
0.789693382617383
0.790548644155844
0.779308063936064
0.781446217782218
0.778330622177822
0.787249778221778
0.790670824375625
0.785294894705295
0.789326841958042
0.791159545254745
0.791648266133866
0.787005417782218
0.774726305694306
0.783645461738262
0.791403905694306
0.796413294705295
0.809730938661339
0.80508809030969
0.806676433166833
0.815412318881119
0.82139914965035
0.837099307892108
0.842047606793207
0.848523158441559
0.867216732067932
0.867705452947053
0.869782516683317
0.868499624375624
0.858236485914086
0.853960178221778
0.850661312287712
0.845407562837163
0.839298551848152
0.84381921998002
0.830257215584416
0.827447070529471
0.818589004595405
0.81571776943057
0.814007246353646
0.809547668331668
0.811319281518482
0.830562666133866
0.827569250749251
0.822315501298701
0.818589004595405
0.819810806793207
0.81064729030969
0.808264776023976
0.801728134265734
0.776070288111888
0.784012002397602
0.77704772987013
0.772710332067932
0.774665215584416
0.766540230969031
0.768128573826174
0.76568496943057
0.767273312287712
0.758109795804196
0.758231976023976
0.758231976023976
0.759209417782218
0.757743255144855
0.761530841958042
0.755421830969031
0.762019562837163
0.759392688111888
0.740760204595405
0.734895554045954
0.714613637562438
0.698302578221778
0.689383422177822
0.675882507892108
0.677715211188811
0.684557303496504
0.677470850749251
0.684068582617383
0.675821417782218
0.667329892507493
0.662381593606394
0.655417321078921
0.662809224375625
0.661404151848152
0.670384398001998
0.682907870529471
0.693293189210789
0.689505602397603
0.683824222177822
0.691643756243756
0.680647536463537
0.691399395804196
0.696164424375624
0.693965180419581
0.709420978221778
0.714919088111888
0.723777154045954
0.722127721078921
0.729336354045954
0.71583543976024
0.713575105694306
0.709054437562438
0.699768740859141
0.70502249030969
0.698119307892108
0.706427562837163
0.715224538661339
0.726037488111888
0.72133354965035
0.735384274925075
0.729886165034965
0.733429391408592
0.730130525474526
0.733673751848152
0.727931281518482
0.728420002397603
0.724204784815185
0.722860802397603
0.712536573826174
0.710764960639361
0.71033732987013
0.69909674965035
0.708076995804196
0.708871167232767
0.700318551848152
0.71015405954046
0.710031879320679
0.704350499100899
0.69934111008991
0.694148450749251
0.698852389210789
0.705877751848152
0.706549743056943
0.708260266133866
0.716751791408591
0.72145572987013
0.723288433166833
0.725304406793207
0.722005540859141
0.711620222177822
0.687306358441559
0.68254132987013
0.666841171628372
0.666657901298701
0.653523527672328
0.659754718881119
0.651202103496504
0.650346841958042
0.645398543056943
0.631408907892108
0.622856292507493
0.607339404595405
0.602452195804196
0.596282094705295
0.587607299100899
0.592372327672328
0.578260512287712
0.573067852947053
0.578749233166833
0.592616688111888
0.600069681518482
0.614486947452548
0.631225637562438
0.63794554965035
0.649491580419581
0.675760327672328
0.675821417782218
0.687795079320679
0.680891896903097
0.667574252947053
0.657005663936064
0.656211492507493
0.666413540859141
0.664519747452547
0.663481215584416
0.662992494705295
0.654134428771229
0.641794226573427
0.641122235364635
0.631286727672328
0.626399518881119
0.629637294705295
0.624261365034965
0.620779228771229
0.613753866133866
0.606911773826174
0.602513285914086
0.601169303496504
0.606667413386613
0.598908969430569
0.61558656943057
0.629087483716284
0.638495360639361
0.661159791408591
0.663725576023976
0.665436099100899
0.664092116683317
0.669223685914086
0.675882507892108
0.664947378221778
0.660671070529471
0.664764107892108
0.655844951848152
0.649613760639361
0.641000055144855
0.637701189210789
0.635746305694306
0.635929576023976
0.631714358441559
0.645642903496504
0.661220881518482
0.659449268331668
0.667390982617383
0.663236855144855
0.664397567232767
0.664275387012987
0.662503773826174
0.672583641958042
0.678448292507493
0.674355255144855
0.684312943056943
0.68248023976024
0.68816161998002
0.677531940859141
0.661037611188811
0.668368424375624
0.6660470001998
0.665252828771229
0.667207712287712
0.669712406793207
0.684862754045954
0.671728380419581
0.673927624375624
0.680280995804196
0.67123965954046
0.674782885914086
0.672705822177822
0.668979325474526
0.677470850749251
0.667268802397602
0.666352450749251
0.661037611188811
0.658777277122877
0.636357206793207
0.607767035364636
0.599886411188811
0.583330991408591
0.578260512287712
0.567753013386613
0.558284046353646
0.551197593606394
0.54893725954046
0.546982376023976
0.542339527672328
0.544050050749251
0.547532187012987
0.561155281518482
0.558894947452548
0.570502068331668
0.582842270529471
0.594327211188811
0.595610103496504
0.587729479320679
0.57141841998002
0.556084802397603
0.550769962837163
0.539346112287712
0.538979571628372
0.536047246353646
0.537696679320679
0.53775776943057
0.540812274925075
0.541300995804196
0.544844222177822
0.539040661738262
0.545638393606394
0.539895923276723
0.531709848551449
0.542644978221778
0.557245514485515
0.561338551848152
0.567081022177822
0.569891167232767
0.571968230969031
0.575572547452547
0.581437198001998
0.590600714485515
0.607828125474526
0.607828125474526
0.609049927672328
0.601780204595405
0.592005787012987
0.588951281518482
0.581253927672328
0.583880802397602
0.579848855144855
0.586935307892108
0.590356354045954
0.601108213386613
0.600863852947053
0.606850683716284
0.601658024375624
0.590722894705295
0.597748257342657
0.602452195804196
0.613020784815185
0.617969083716284
0.611860072727273
0.605323430969031
0.590295263936064
0.586080046353646
0.574045294705295
0.585530235364635
0.600436222177822
0.588401470529471
0.583636441958042
0.58223136943057
0.584430613386614
0.589745452947053
0.594754841958042
0.586385496903097
0.592066877122877
0.590906165034965
0.588890191408591
0.584430613386614
0.583208811188811
0.576611079320679
0.562132723276723
0.556329162837163
0.548753989210789
0.547165646353646
0.527983351848152
0.516987132067932
0.510755940859141
0.492123457342657
0.494322701298701
0.48772496943057
0.492551088111888
0.514604617782218
0.534703263936064
0.54936489030969
0.54356132987013
0.538551940859141
0.54350023976024
0.553457927672328
0.559383668331668
0.547348916683317
0.527311360639361
0.531770938661339
0.523340503496504
0.533970182617383
0.54356132987013
0.53824649030969
0.557062244155844
0.56011674965035
0.570990789210789
0.578871413386614
0.567814103496504
0.578688143056943
0.574045294705295
0.569096995804196
0.569341356243756
0.564209787012987
0.563476705694306
0.564026516683317
0.560972011188811
0.568302824375624
0.575206006793207
0.578382692507493
0.576000178221778
0.584613883716284
0.569707896903097
0.570685338661339
0.574961646353646
0.582170279320679
0.600741672727273
0.590906165034965
0.594143940859141
0.593227589210789
0.587301848551449
0.562682534265734
0.557673145254745
0.545760573826174
0.542583888111888
0.542644978221778
0.540506824375624
0.534336723276723
0.522485241958042
0.514238077122877
0.496460855144855
0.488885681518482
0.496460855144855
0.505563281518482
0.515154428771229
0.523768134265734
0.514299167232767
0.50452474965035
0.505196740859141
0.503669488111888
0.502508776023976
0.499881901298701
0.493895070529471
0.493895070529471
0.481554868331668
0.492184547452547
0.497927017782218
0.48778605954046
0.481127237562438
0.475812398001998
0.463533285914086
0.448382938661339
0.446550235364635
0.437447808991009
0.428101022177822
0.416799351848152
0.40439805954046
0.405131140859141
0.392302217782218
0.392485488111888
0.38820918041958
0.38820918041958
0.385337945254745
0.388636811188811
0.397983598001998
0.408002376023976
0.411484512287712
0.409468538661339
0.411606692507493
0.413744846353646
0.404031518881119
0.397739237562438
0.40989616943057
0.412034323276723
0.411789962837163
0.424435615584416
0.419609496903097
0.420770208991009
0.435309655144855
0.450398912287712
0.454247589210789
0.475140406793207
0.48821369030969
0.49890445954046
0.506296362837163
0.505746551848152
0.503547307892108
0.502753136463536
0.501714604595405
0.492978718881119
0.498782279320679
0.490962745254745
0.485892266133866
0.466099070529471
0.458584987012987
0.453636688111888
0.461150771628372
0.475506947452548
0.480821787012987
0.477950551848152
0.482776670529471
0.492001277122877
0.496766305694306
0.513443905694306
0.519614006793207
0.511611202397602
0.508739967232767
0.506540723276723
0.49890445954046
0.496521945254745
0.485098094705295
0.481982499100899
0.486380987012987
0.478500362837163
0.481432688111888
0.469764477122877
0.476484389210789
0.47715638041958
0.480088705694306
0.488641321078921
0.485586815584416
0.484120652947053
0.482837760639361
0.474957136463537
0.474712776023976
0.475384767232767
0.471902630969031
0.47715638041958
0.472818982617383
0.474773866133866
0.463533285914086
0.453147967232767
0.459256978221778
0.464327457342657
0.483204301298701
0.490290754045954
0.510572670529471
0.522546332067932
0.53268729030969
0.54350023976024
0.529327334265734
0.51607078041958
0.486686437562438
0.479111263936064
0.464510727672328
0.455774841958042
0.447588767232767
0.438975061738262
0.442579378221778
0.435615105694306
0.437264538661339
0.435187474925075
0.430239176023976
0.431949699100899
0.425535237562438
0.419487316683317
0.406902754045954
0.400366112287712
0.398472318881119
0.394868002397602
0.387476099100899
0.397800327672328
0.405497681518482
0.402198815584416
0.40995725954046
0.422114191408591
0.425107606793207
0.431460978221778
0.439769233166833
0.4492382001998
0.450521092507493
0.439524872727273
0.43219405954046
0.434332213386613
0.429567184815185
0.423213813386613
0.417654613386613
0.413072855144855
0.401954455144855
0.391874587012987
0.390836055144855
0.390286244155844
0.392729848551449
0.391691316683317
0.395356723276723
0.401526824375624
0.399633030969031
0.409163088111888
0.406841663936064
0.413133945254745
0.429811545254745
0.446000424375624
0.456324652947053
0.47715638041958
0.47678983976024
0.480638516683317
0.478194912287712
0.496460855144855
0.503058587012987
0.491451466133866
0.498599008991009
0.489374402397602
0.489557672727273
0.486747527672328
0.495544503496504
0.49890445954046
0.49334525954046
0.490840565034965
0.488458050749251
0.481249417782218
0.479844345254745
0.480760696903097
0.479538894705295
0.476545479320679
0.475201496903097
0.470008837562438
0.472574622177822
0.473307703496504
0.471963721078921
0.47153609030969
0.478989083716284
0.477950551848152
0.478194912287712
0.464755088111888
0.477522921078921
0.481799228771229
0.479172354045954
0.482104679320679
0.485281365034965
0.493223079320679
0.494567061738262
0.494078340859141
0.490596204595405
0.479783255144855
0.47110845954046
0.461578402397602
0.446672415584416
0.442762648551449
0.444961892507493
0.448566208991009
0.447283316683317
0.436409277122877
0.436531457342657
0.442518288111888
0.44343463976024
0.445328433166833
0.457851905694306
0.464938358441559
0.477339650749251
0.47672874965035
0.480638516683317
0.483021030969031
0.479783255144855
0.477461830969031
0.476301118881119
0.480271976023976
0.475506947452548
0.478622543056943
0.473063343056943
0.473613154045954
0.480394156243756
0.485220274925075
0.489374402397602
0.491573646353646
0.500309532067932
0.489252222177822
0.492612178221778
0.49377289030969
0.480333066133866
0.4770342001998
0.480760696903097
0.466709971628372
0.463411105694306
0.457302094705295
0.446183694705295
0.442579378221778
0.443251369430569
0.438913971628372
0.43249951008991
0.440563404595405
0.453514507892108
0.450093461738262
0.453881048551449
0.46041769030969
0.459562428771229
0.472269171628372
0.469397936463537
0.469581206793207
0.475445857342657
0.474957136463537
0.480149795804196
0.484853734265734
0.485892266133866
0.472330261738262
0.474162965034965
0.462128213386613
0.461883852947053
0.456630103496504
0.456324652947053
0.448505118881119
0.442335017782218
0.45491958041958
0.455041760639361
0.450398912287712
0.446000424375624
0.448627299100899
0.447038956243756
0.442396107892108
0.439463782617383
0.442457198001998
0.436287096903097
0.429200644155844
0.425657417782218
0.435798376023976
0.434393303496504
0.428895193606394
0.435859466133866
0.429933725474525
0.428773013386613
0.430727896903097
0.425168696903097
0.433049321078921
0.427795571628372
0.434943114485514
0.436470367232767
0.427673391408591
0.439036151848152
0.431399888111888
0.43225514965035
0.430850077122877
0.434759844155844
0.427429030969031
0.431033347452548
0.431277707892108
0.43243841998002
0.422664002397602
0.418143334265734
0.408674367232767
0.391569136463537
0.388758991408591
0.385460125474525
0.389980793606394
0.38258889030969
0.374647176023976
0.37702969030969
0.370554138661339
0.370431958441559
0.369515606793207
0.375196987012987
0.379290024375624
0.389064441958042
0.389675343056943
0.392241127672328
0.400121751848152
0.405436591408591
0.40995725954046
0.411545602397602
0.416371721078921
0.418937505694306
0.425351967232767
0.431399888111888
0.44349572987013
0.446550235364635
0.441540846353646
0.44929929030969
0.462800204595405
0.466709971628372
0.471780450749251
0.470986279320679
0.478133822177822
0.491146015584416
0.492612178221778
0.494383791408591
0.496521945254745
0.499515360639361
0.501714604595405
0.491023835364635
0.490779474925075
0.489435492507493
0.48809151008991
0.483998472727273
0.475140406793207
0.475751307892108
0.470986279320679
0.464693998001998
0.457485365034965
0.462250393606394
0.445206252947053
0.445206252947053
0.452414885914086
0.451376354045954
0.445817154045954
0.446000424375624
0.434393303496504
0.437264538661339
0.428223202397602
0.435737285914086
