-0.135088700899101
-0.121771056943057
-0.148284164635365
-0.108942133866134
-0.10704834045954
-0.125436463536464
-0.086216612987013
-0.074548401998002
-0.0790690701298701
-0.0484629250749251
-0.0678284899100899
-0.0699055536463536
-0.0639187228771229
-0.0513952503496504
-0.0281199184815185
0.00340257822177822
0.0206299892107892
0.0100614001998002
0.0289382441558442
0.0574062353646354
0.0569175144855145
0.0559400727272727
0.0498310617382617
0.0198358177822178
0.0368799584415584
0.0365745078921079
0.0652257694305694
0.053313198001998
0.0519081254745255
0.0558178925074925
0.0950377430569431
0.107805576023976
0.113609136463536
0.141038595804196
0.14885812987013
0.130347826573427
0.135907026573427
0.123689004595405
0.137373189210789
0.124422085914086
0.157594015584416
0.137312099100899
0.117213452947053
0.115258569430569
0.155455861738262
0.156005672727273
0.136212477122877
0.147819598001998
0.17659303976024
0.188749971628372
0.205061030969031
0.184229303496504
0.20426685954046
0.194920072727273
0.197485857342657
0.207932266133866
0.178486833166833
0.198524389210789
0.202067615584416
0.208543167232767
0.223754604595405
0.241837277122877
0.250206622177822
0.242387088111888
0.255949092507493
0.234628644155844
0.26004212987013
0.255032740859141
0.283622912287712
0.296268565034965
0.321620960639361
0.345934824375624
0.36004663976024
0.372447932067932
0.355342701298701
0.324675466133866
0.342697048551449
0.339703633166833
0.333594622177822
0.333044811188811
0.33212845954046
0.338237470529471
0.328157602397602
0.341353066133866
0.323575844155844
0.334572063936064
0.334694244155844
0.318810815584416
0.323087123276723
0.348439518881119
0.345934824375624
0.347095536463537
0.331334288111888
0.359557918881119
0.352471466133866
0.368965795804196
0.377151870529471
0.369698877122877
0.37709078041958
0.340131263936064
0.380634006793207
0.385826666133866
0.384604863936064
0.431644248551449
0.417288072727273
0.45443085954046
0.438913971628372
0.450154551848152
0.459379158441559
0.477522921078921
0.472574622177822
0.459867879320679
0.450276732067932
0.463960916683317
0.470069927672328
0.475323677122877
0.461517312287712
0.487663879320679
0.467198692507493
0.490412934265734
0.485159184815185
0.483448661738262
0.46567143976024
0.483387571628372
0.472330261738262
0.468481584815185
0.467748503496504
0.446244784815185
0.453392327672328
0.467320872727273
0.477706191408592
0.471780450749251
0.479844345254745
0.466282340859141
0.512161013386613
0.5159486001998
0.541667536463536
0.490107483716284
0.466832151848152
0.480333066133866
0.463472195804196
0.490290754045954
0.499576450749251
0.523279413386613
0.557001154045954
0.509961769430569
0.553335747452548
0.541423176023976
0.550281241958042
0.558528406793207
0.540629004595405
0.527494630969031
0.509656318881119
0.557184424375624
0.559322578221778
0.56023892987013
0.556390252947053
0.567814103496504
0.568852635364635
0.603429637562438
0.581742648551449
0.546676925474526
0.587668389210789
0.578443782617383
0.591028345254745
0.594938112287712
0.614792398001998
0.574106384815185
0.581987008991009
0.595304652947053
0.571662780419581
0.548265268331668
0.547654367232767
0.569524626573427
0.536047246353646
0.549975791408591
0.580215395804196
0.566592301298701
0.530976767232767
0.532748380419581
0.527677901298701
0.500798252947053
0.530182595804196
0.528899703496504
0.551014323276723
0.556512433166833
0.564698507892108
0.56555376943057
0.52126343976024
0.540934455144855
0.540812274925075
0.539040661738262
0.514726798001998
0.517598033166833
0.53268729030969
0.541850806793207
0.564331967232767
0.541117725474526
0.552785936463536
0.53775776943057
0.531221127672328
0.526272828771229
0.500431712287712
0.519858367232767
0.48234903976024
0.523523773826174
0.540812274925075
0.613998226573427
0.61589201998002
0.618579984815185
0.659876899100899
0.591822516683317
0.609660828771229
0.623222833166833
0.578627052947053
0.601658024375624
0.610943721078921
0.636235026573427
0.661343061738262
0.690971765034965
0.674660705694306
0.712231123276723
0.723105162837163
0.754261118881119
0.771855070529471
0.785844705694306
0.791098455144855
0.799589980419581
0.798734718881119
0.800445241958042
0.790487554045954
0.801056143056943
0.826408538661339
0.828485602397602
0.858541936463537
0.851150033166833
0.866972371628372
0.886582296903097
0.852432925474526
0.84375812987013
0.874975176023976
0.845774103496504
0.885910305694306
0.883527791408592
0.900877382617383
0.907108573826174
0.912423413386613
0.905581321078921
0.894524011188811
0.869171615584416
0.835938595804196
0.845041022177822
0.819322085914086
0.844674481518482
0.839665092507493
0.883649971628372
0.903565347452548
0.919143325474526
0.927757030969031
0.899838850749251
0.908819096903097
0.890675334265734
0.878701672727273
0.882305989210789
0.869965787012987
0.900083211188811
0.90478714965035
0.956102841958042
0.97693456943057
0.978889452947053
1.00955668811189
1.0144438969031
1.02299651228771
1.01951437602398
1.03613088591409
1.02782263096903
1.05073142217782
1.06068911008991
1.06343816503497
1.09715990569431
1.09379994965035
1.08720221778222
1.08616368591409
1.08414771228771
1.08341463096903
1.11157717162837
1.09691554525475
1.09178397602398
1.11328769470529
1.11866362437562
1.12605552767233
1.15116356283716
1.16179324195804
1.13912881118881
1.15366825734266
1.13992298261738
1.1274606001998
1.14688725514486
1.1342416023976
1.17205638041958
1.16600845954046
1.20131854305694
1.21341438481519
1.2120704023976
1.24316526833167
1.24945754965035
1.26906747492507
1.26473007712288
1.27957497382617
1.25727708371628
1.2547112991009
1.27548193646354
1.29093773426573
1.2738325034965
1.29558058261738
1.30645462217782
1.29949034965035
1.31757302217782
1.33351754085914
1.30761533426573
1.35734268371628
1.32410966393606
1.31946681558442
1.34567447272727
1.29551949250749
1.33620550569431
1.33180701778222
1.3158624991009
1.35447144855145
1.35667069250749
1.33706076723277
1.33974873206793
1.33089066613387
1.32191041998002
1.32301004195804
1.33168483756244
1.31867264415584
1.36149681118881
1.36204662217782
1.37139340899101
1.37035487712288
1.37151558921079
1.36760582217782
1.34903442877123
1.36198553206793
1.34323086833167
1.34219233646354
1.35795358481518
1.37670824855145
1.38800991888112
1.36510112767233
1.41873824415584
1.40285481558442
1.39039243316683
1.40383225734266
1.37365374305694
1.39136987492508
1.38458887272727
1.3399320023976
1.35221111448551
1.3411538045954
1.34213124635365
1.36644511008991
1.32355985294705
1.32099406833167
1.32270459140859
1.35581543096903
1.33583896503497
1.34084835404595
1.30651571228771
1.26931183536464
1.28947157162837
1.30743206393606
1.3121360023976
1.30975348811189
1.26289737382617
1.28317929030969
1.26393590569431
1.26699041118881
1.27688700899101
1.29441987052947
1.2831182001998
1.28354583096903
1.24249327712288
1.24780811668332
1.29099882437562
1.28727232767233
1.32771398041958
1.30822623536464
1.32630890789211
1.31354107492508
1.2787808023976
1.29655802437562
1.25122916283716
1.2231888023976
1.24212673646354
1.19960801998002
1.20302906613387
1.1750497958042
1.20816063536464
1.21879031448551
1.19667569470529
1.19893602877123
1.16448120679321
1.16588627932068
1.12116831888112
1.08970691228771
1.05115905294705
1.0113283012987
1.01859802437562
1.00198151448551
0.983104670529471
1.02299651228771
1.02452376503497
1.01041194965035
1.01865911448551
0.994589611188811
0.991107474925075
0.93808125954046
0.919815316683317
0.889086991408591
0.87705223976024
0.853899088111888
0.900938472727273
0.868377444155844
0.885849215584416
0.936859457342657
0.927818121078921
0.923480723276723
0.874791905694306
0.85499871008991
0.77698663976024
0.736300626573427
0.712842024375624
0.720356107892108
0.76037012987013
0.76592932987013
0.768739474925075
0.73795005954046
0.719561936463537
0.698608028771229
0.672156011188811
0.645459633166833
0.609721918881119
0.601841294705295
0.59383849030969
0.614853488111888
0.604468169430569
0.640328063936064
0.629454024375624
0.642405127672328
0.591394885914086
0.585652415584416
0.583575351848152
0.586935307892108
0.589928723276723
0.592799958441559
0.607644855144855
0.627865681518482
0.630248195804196
0.621023589210789
0.597503896903097
0.570868608991009
0.544172230969031
0.507151624375624
0.511366841958042
0.497682657342657
0.521691070529471
0.550036881518482
0.56054438041958
0.561033101298701
0.541117725474526
0.53268729030969
0.524867756243756
0.524256855144855
0.514543527672328
0.505257830969031
0.51576532987013
0.480943967232767
0.479966525474526
0.453819958441559
0.463288925474525
0.461944943056943
0.461334041958042
0.457241004595405
0.439219422177822
0.420281488111888
0.389186622177822
0.397006156243756
0.385337945254745
0.396578525474526
0.393829470529471
0.374647176023976
0.365178208991009
0.338909461738262
0.300605962837163
0.303721558441558
0.299933971628372
0.305126630969031
0.322231861738262
0.317344652947053
0.296818376023976
0.269999817782218
0.238660591408591
0.22143318041958
0.239576943056943
0.26584569030969
0.29926198041958
0.296818376023976
0.28209565954046
0.261080661738262
0.256682173826174
0.246724485914086
0.235667176023976
0.212086393606394
0.19882983976024
0.15997652987013
0.131019817782218
0.110493540859141
0.107927756243756
0.108294296903097
0.149346850749251
0.190399404595405
0.192904099100899
0.157532925474525
0.128576213386613
0.155211501298701
0.0896618133866134
0.0698075276723277
0.0255782881118881
0.0206299892107892
-0.000323918481518484
0.00407456943056943
0.0536797386613387
0.101696565034965
0.0795819452547453
0.157838376023976
0.184107123276723
0.122894833166833
0.0975424375624376
0.0915556067932068
0.0843469738261738
0.0842247936063936
0.0878291100899101
0.0609494617382617
0.0736562045954046
0.0883789210789211
0.0884400111888112
0.0991307804195804
0.104995430969031
0.0945490221778222
0.0772605210789211
0.0621712639360639
0.0594832991008991
0.0707849694305694
0.0704184287712288
0.0679137342657343
0.070540608991009
0.0743281958041958
0.0823920903096903
0.0800706661338661
0.0652868595404595
0.0685857254745255
0.0582004067932068
0.046654376023976
0.0284495232767233
0.0143377078921079
0.000592433166833162
-0.00576093826173826
-0.0146190041958042
-0.023965791008991
-0.0355729118881119
-0.0284864591408591
-0.029524991008991
-0.0209112855144855
-0.0328849470529471
-0.0409488415584416
-0.0391161382617383
-0.052311601998002
-0.0804130525474526
-0.0930587052947053
-0.0999618877122877
-0.108697773426573
-0.118716551448551
-0.12897968991009
-0.119327452547453
-0.12916296023976
-0.141319892107892
-0.146268191008991
-0.160502186613387
-0.17913467012987
-0.19581227012987
-0.20693067012987
-0.231916525074925
-0.233627048151848
-0.247372322877123
-0.261361958041958
-0.264355373426573
-0.279872261338661
-0.272235997602398
-0.281888234965035
-0.282560226173826
-0.289707769030969
-0.28469838001998
-0.274801782217782
-0.281582784415584
-0.296183320679321
-0.290868481118881
-0.283720938261738
-0.285370371228771
-0.281888234965035
-0.2845761998002
-0.269792393206793
-0.274007610789211
-0.260262336063936
-0.25152645034965
-0.256291478921079
-0.261300867932068
-0.268692771228771
-0.271319645954046
-0.276023584415585
-0.273091259140859
-0.268570591008991
-0.254336595404595
-0.25128208991009
-0.244562177822178
-0.235032120679321
-0.221653386613387
-0.216827267932068
-0.216643997602398
-0.221164665734266
-0.219698503096903
-0.216582907492507
-0.227640217382617
-0.225807514085914
-0.22354718001998
-0.215238925074925
-0.223913720679321
-0.218232340459541
-0.208519012987013
-0.211817878921079
-0.196178810789211
-0.200760569030969
-0.2011881998002
-0.193796296503497
-0.196362081118881
-0.192635584415584
-0.192879944855145
-0.182555716283716
-0.17919576023976
-0.187809465734266
-0.187870555844156
-0.180967373426573
-0.171254045954046
-0.156286969030969
-0.137654485514486
-0.118960911888112
-0.110835927272727
-0.0943415976023976
-0.0870718745254745
-0.0755258437562438
-0.068439391008991
-0.0637354525474526
-0.0593980547452548
-0.0547552063936064
-0.0631856415584416
-0.0586649734265734
-0.0581151624375624
-0.0577486217782218
-0.0532279536463537
-0.0560380987012987
-0.0517007008991009
-0.04565278001998
-0.0369168943056943
-0.0276311976023976
-0.0174902393606394
0.0026694969030969
0.0172700331668332
0.0528244771228771
0.0671195628371628
0.104995430969031
0.128759483716284
0.157777285914086
0.179525365034965
0.205122121078921
0.235728266133866
0.264929338661339
0.297368187012987
0.325591817782218
0.363528776023976
0.397128336463537
0.436348187012987
0.484242833166833
0.502814226573427
0.522240881518482
0.518697655144855
0.521019079320679
0.528227712287712
0.534031272727273
0.520224907892108
0.514665707892108
0.506479633166833
0.469031395804196
0.444717532067932
0.418998595804196
0.399816301298701
0.379595474925075
0.364750578221778
0.347828617782218
0.336710217782218
0.332800450749251
0.330173576023976
0.345507193606394
0.335366235364635
0.343002499100899
0.334266613386613
0.328218692507493
0.318871905694306
0.317955554045954
0.312762894705295
0.29895652987013
0.290709365034965
0.275070296903097
0.272076881518482
0.268839105694306
0.244158701298701
0.236950068331668
0.212025303496504
0.216912512287712
0.201029083716284
0.210620230969031
0.21562961998002
0.242936899100899
0.23774423976024
0.273237593606394
0.295535483716284
0.383016521078921
0.274581576023976
0.319055176023976
0.1101270001998
-0.253970054745255
-0.953635083316683
-1.42622817342657
-2.18551714925075
-0.898470714085914
-0.64067045034965
-1.58860568551449
0.35454852987013
1.78992175184815
3.60423692547453
6.37736137382618
8.71754021338661
10.3471188947053
12.6544923452547
13.42428881998
14.531669241958
14.657881408991
14.0782584463536
14.1408147188811
13.9210735936064
13.9613930661339
14.0107538749251
13.0631240903097
11.8704007848152
10.1157706485515
7.713890798002
6.95796177822178
7.13157987052947
7.22859096503497
6.77273656503497
5.96378132987013
4.80196961998002
3.83393573866134
3.3282928991009
2.50247679360639
1.53627561558442
0.953659237562438
0.935026754045954
1.04621075404595
0.691155035364635
-0.543048454745255
-1.67969103936064
-2.1271150041958
-2.47936057782218
-2.74553018661339
-2.65493355364635
-2.48131546133866
-2.4155825030969
-1.82172554485515
-0.826873105294705
-0.0638576327672328
0.323270393606394
0.392057857342657
0.319971527672328
0.2101926001998
0.168712415584416
0.149774481518482
0.112142973826174
0.133157971628372
0.188688881518482
0.310441470529471
0.626399518881119
1.4425022969031
3.09492867932068
3.64999341778222
2.63510342217782
1.88057947492508
1.65491260899101
1.66768044195804
1.79651948371628
1.85253911448551
1.75858252547453
1.60652924195804
1.59858752767233
1.74221037602398
1.83928256063936
1.79065483316683
1.63689102657343
1.5060971012987
1.45954643756244
1.40511514965035
1.31665667052947
1.18610710569431
1.11310442437562
1.14523782217782
1.21506381778222
1.23424611228771
1.21237585294705
1.16246523316683
1.12391737382617
1.10986664855145
1.07443438481518
1.02415722437562
0.983715571628372
0.98261594965035
1.02849462217782
1.1175640023976
1.21598016943057
1.30694334305694
1.41403430569431
1.49601723316683
1.56205564195804
1.59272287712288
1.62577262657343
1.69358264855145
1.77721500899101
1.83091321558442
1.85773177382617
1.83690004635365
1.76884566393606
1.70854972547453
1.64581018261738
1.60292492547453
1.5938224991009
1.58166556723277
1.55918440679321
1.53957448151848
1.54898235844156
1.58136011668332
1.6351805034965
1.6969426045954
1.73665117602398
1.76163703096903
1.75284005514486
1.73646790569431
1.70690029250749
1.67611087712288
1.65625659140859
1.63524159360639
1.61941925514486
1.60720123316683
1.59962605954046
1.57671726833167
1.58136011668332
1.554297198002
1.51446644635365
1.47365825294705
1.41183506173826
1.3399320023976
1.27963606393606
1.21512490789211
1.16387030569431
1.10876702657343
1.05855095624376
1.01829257382617
0.954147958441559
0.675760327672328
0.26590678041958
-0.208152472327672
-0.662113078921079
-1.0684233998002
-1.40209758001998
-1.64291479320679
-1.73290052507493
-1.71151898661339
-1.41950826133866
-1.03213587452547
-0.718682520679321
-0.611225017382617
-0.435835311888112
-0.330027241558442
-0.133439267932068
-0.192330133866134
-0.22354718001998
-0.571272085514485
-0.281094063536464
4.05422667492508
-1.95239728991009
-2.35675272727273
-1.32426878001998
-0.133255997602398
-2.08062543056943
-1.54553715804196
-0.987295733866134
-0.976604964635365
-2.49347239320679
-2.51473175144855
-2.63196367232767
-2.15900404155844
-2.65798805914086
-3.08213669210789
-2.79898403276723
-2.9079076987013
-3.48661430969031
-3.23089110969031
-2.87284197562438
-3.03595256903097
-3.12215071408591
-2.95684087672328
-2.8220150041958
-2.87302524595405
-2.92611255144855
-2.96643202397602
-2.99984831408591
-3.04737641958042
-3.03711328111888
-2.88139459100899
-2.67900305694306
-2.53843471408591
-2.47936057782218
-2.48088783056943
-2.50837838001998
-2.5002533954046
-2.45932302177822
-2.39194063056943
-2.30592575584416
-2.2154513030969
-2.10133497782218
-1.97286247672328
-1.81164567672328
-1.65592698661339
-1.50344607232767
-1.3606173954046
-1.27270872727273
-1.18431133826174
-1.12761971628372
-1.08949948771229
-1.06084822617383
-1.0239497998002
-0.985951751448552
-0.932558995404596
-0.898165263536464
-0.832493395404595
-0.768715320679321
-0.704143074525475
-0.639387558041958
-0.582451575624376
-0.514824823976024
-0.459171733866134
-0.389223558041958
-0.338702037162837
-0.281032973426573
-0.209435364635365
-0.1622737998002
-0.105215637162837
-0.045102969030969
-0.0180400503496504
0.0169645826173826
0.0322371100899101
0.0296102353646354
0.0527022969030969
0.0751223672327672
0.0845913342657343
0.102674006793207
0.105178701298701
0.125277347452547
0.14916358041958
0.171461470529471
0.177753751848152
0.179586455144855
0.178792283716284
0.162908855144855
0.156066762837163
0.14354329030969
0.137006648551449
0.140977505694306
0.155089321078921
0.1546006001998
0.158449277122877
0.145925804595405
0.149652301298701
0.147086516683317
0.133157971628372
0.122772652947053
0.0996805914085914
0.0930828595404595
0.0828197210789211
0.0820866397602398
0.072739852947053
0.0729231232767233
0.0626599848151848
0.058322587012987
0.0676693738261738
0.0464711056943057
0.00242513646353645
-0.037283434965035
-0.0787636195804196
-0.129468410789211
-0.15689787012987
-0.202837632767233
-0.247189052547453
-0.297954933866134
-0.347010292107892
-0.36808638001998
-0.396187830569431
-0.412865430569431
-0.422395487712288
-0.441150151448552
-0.463325861338661
-0.482508155844156
-0.507738371228771
-0.534312569030969
-0.532540955844156
-0.531258063536464
-0.561497667932068
-0.571699716283716
-0.572371707492508
-0.590698740459541
-0.595524859140859
-0.605299276723277
-0.609819944855145
-0.608048331668332
-0.632178925074925
-0.637432674525475
-0.652949562437563
-0.660769096503497
-0.65698150969031
-0.670115883316683
-0.677813237162837
-0.686610212987013
-0.698583874525475
-0.717582898701299
-0.723019918481519
-0.736398652547453
-0.753870423976024
-0.748738854745255
-0.75698601958042
-0.766760437162837
-0.767004797602398
-0.774885421778222
-0.775740683316683
-0.787164533866134
-0.794800797602398
-0.793334634965035
-0.787408894305694
-0.80695772947053
-0.802192700899101
-0.800421087712288
-0.790096859140859
-0.785454010789211
-0.785515100899101
-0.792662643756244
-0.7904633998002
-0.786981263536464
-0.791013210789211
-0.782827136063936
-0.781544243756244
-0.797122221778222
-0.790096859140859
-0.773297078921079
-0.775129782217782
-0.764927733866134
-0.756130758041958
-0.750510467932068
-0.739880788811189
-0.734627039360639
-0.720454133866134
-0.70701430969031
-0.696751171228771
-0.686426942657343
-0.664923223976024
-0.664617773426573
-0.654476815184815
-0.633522907492508
-0.633095276723277
-0.620816164635365
-0.604505105294705
-0.593447795404595
-0.589354758041958
-0.57909161958042
-0.576098204195804
-0.563147100899101
-0.55728245034965
-0.54598078001998
-0.546958221778222
-0.5402993998002
-0.519345492107892
-0.504195144855145
-0.525576683316683
-0.521178195404595
-0.502056991008991
-0.500590828371628
-0.504806045954046
-0.498513764635365
-0.49014441958042
-0.489900059140859
-0.491060771228771
-0.480308911888112
-0.479942371228771
-0.479942371228771
-0.465525105294705
-0.480247821778222
-0.488006265734266
-0.48495176023976
-0.506638749250749
-0.496375610789211
-0.502118081118881
-0.517818239360639
-0.509021263536464
-0.524782511888112
-0.519406582217782
-0.53492347012987
-0.544881158041958
-0.549462916283716
-0.565468525074925
-0.57933598001998
-0.589232577822178
-0.608475962437563
-0.613851892107892
-0.638287936063936
-0.654354634965035
-0.67934048991009
-0.70163838001998
-0.715994555844156
-0.747761412987013
-0.774274520679321
-0.772075276723277
-0.788325245954046
-0.793456815184815
-0.782460595404595
-0.776595944855145
-0.797061131668332
-0.793151364635365
-0.809034793206793
-0.82968325034965
-0.832371215184815
-0.848804454745255
-0.866276226173826
-0.859373043756244
-0.867681298701299
-0.86254972947053
-0.872751777822178
-0.885763971228771
-0.884053448151848
-0.892422793206793
-0.889490467932068
-0.894866397602398
-0.888818476723277
-0.895721659140859
-0.911543997602398
-0.915637034965035
-0.927183065734266
-0.937873834965035
-0.957972481118881
-0.953757263536464
-0.965853105294705
-0.977460226173826
-0.994748727272727
-1.00287371188811
-0.985890661338661
-0.99633707012987
-0.997986503096903
-0.989433887712288
-0.994504366833167
-0.977887856943057
-0.982225254745255
-0.982836155844156
-0.97972056023976
-1.00030792727273
-1.00421769430569
-1.01435865254745
-1.02242254705295
-1.04575896903097
-1.02437743056943
-1.02480506133866
-1.02938681958042
-1.0116095976024
-1.00745547012987
-0.992610573426574
-0.986807012987013
-0.980514731668332
-0.976849325074925
-0.97379481958042
-0.97953728991009
-0.972695197602398
-0.973122828371628
-0.977826766833167
-0.969640692107892
-0.972084296503497
-0.970068322877123
-0.955528876723277
-0.95742267012987
-0.948136973426573
-0.948136973426573
-0.944166116283716
-0.945143558041958
-0.943677395404595
-0.937201843756244
-0.928465958041958
-0.930176481118881
-0.918752630569431
-0.927060885514486
-0.915514854745255
-0.916309026173826
-0.916247936063936
-0.909833474525475
-0.902563751448552
-0.897310001998002
-0.904762995404595
-0.894438766833167
-0.896454740459541
-0.894805307492508
-0.887474494305694
-0.900792138261738
-0.898715074525475
-0.900853228371628
-0.898776164635365
-0.906595698701299
-0.910077834965035
-0.916003575624376
-0.905740437162837
-0.91307125034965
-0.922051496503497
-0.911238547052947
-0.91844718001998
-0.911299637162837
-0.921623865734266
-0.924983821778222
-0.929932120679321
-0.934391698701299
-0.932620085514486
-0.937629474525475
-0.946854081118881
-0.951191478921079
-0.952352191008991
-0.957789210789211
-0.959866274525475
-0.967319267932068
-0.968907610789211
-0.976849325074925
-0.977338045954046
-0.974772261338661
-0.976360604195804
-0.977338045954046
-0.982286344855145
-0.980270371228771
-0.983141606393606
-0.990350239360639
-0.992610573426574
-0.996581430569431
-0.988578626173826
-0.999819206393606
-0.998597404195804
-0.997925412987013
-0.992793843756244
-0.98509648991009
-0.988089905294705
-0.98534085034965
-0.987723364635365
-0.978315487712288
-0.972817377822178
-0.971106854745255
-0.965486564635365
-0.957972481118881
-0.944105026173826
-0.937873834965035
-0.921501685514486
-0.918019549250749
-0.903419012987013
-0.889001747052947
-0.872324147052947
-0.8571737998002
-0.847643742657343
-0.827545096503497
-0.80726318001998
-0.79608368991009
-0.779772630569431
-0.757658010789211
-0.730595092107892
-0.715689105294705
-0.694857377822178
-0.66278507012987
-0.637310494305694
-0.61818928991009
-0.59027110969031
-0.564491083316683
-0.540116129470529
-0.515741175624376
-0.485807021778222
-0.457888841558442
-0.430642652547453
-0.402296841558442
-0.381037483316683
-0.344566687712288
-0.318969931668332
-0.293617536063936
-0.266126986613387
-0.241935303096903
-0.222753008591409
-0.197950423976024
-0.170948595404595
-0.147001272327672
-0.126719355844156
-0.10118368991009
-0.0819403052947053
-0.0619027492507493
-0.0465691316683317
-0.0235992503496504
-0.00319515364635366
0.00187532547452547
0.0240510353646354
0.0396901034965035
0.0555735320679321
0.0665697518481519
0.0832473518481519
0.0878291100899101
0.0972980771228771
0.113792406793207
0.117763263936064
0.134135413386613
0.132608160639361
0.139755703496504
0.149530121078921
0.151179554045954
0.157044204595405
0.155944582617383
0.162542314485514
0.15991543976024
0.16578009030969
0.172316732067932
0.164375017782218
0.168468055144855
0.161259422177822
0.158082736463536
0.157044204595405
0.153684248551449
0.153378798001998
0.145559263936064
0.146231255144855
0.142871299100899
0.137495369430569
0.12668241998002
0.123200283716284
0.117335633166833
0.106828134265734
0.0970537166833167
0.0940603012987013
0.0910057958041958
0.082758630969031
0.0742671056943057
0.0673639232767233
0.0611327320679321
0.0574062353646354
0.0448216727272727
0.0374908595404595
0.034986165034965
0.0198969078921079
0.0274109914085914
0.0148875188811189
0.00523528151848152
0.00254731668331667
-0.00435586573426573
-0.0123586701298701
-0.0157797162837163
-0.0264704855144855
-0.0247599624375624
-0.0301969822177822
-0.0366725338661339
-0.046202591008991
-0.0457749602397602
-0.0498069074925075
-0.043392445954046
-0.0454695096903097
-0.0380165162837163
-0.0480352943056943
-0.0532890437562438
-0.0568933602397602
-0.0630023712287712
-0.0564046393606394
-0.0581151624375624
-0.0507843492507493
-0.0653237954045954
-0.0606809470529471
-0.0588482437562438
-0.0527392327672328
-0.0537166745254745
-0.0423539140859141
-0.0535944943056943
-0.0442477074925075
-0.0431480855144855
-0.0531057734265734
-0.0476076635364635
-0.0455916899100899
-0.0472411228771229
-0.0471800327672328
-0.0504788987012987
-0.0448586085914086
-0.0368558041958042
-0.0329460371628372
-0.031174423976024
-0.0304413426573427
-0.0292806305694306
-0.022316358041958
-0.00985397562437564
-0.0154742657342657
-0.00820454265734266
-0.00924307452547453
-0.00276752287712288
-0.00960961518481519
-0.00673838001998002
-0.00508894705294706
0.00156987492507492
0.00419674965034965
0.00578509250749251
0.0119551936063936
0.0122606441558442
0.0196525474525475
0.0198969078921079
0.0120773738261738
0.0255782881118881
0.0225237826173826
0.0258226485514486
0.0225848727272727
0.0184918353646354
0.0258226485514486
0.0168424023976024
0.0185529254745255
0.0206910793206793
0.0222183320679321
0.0242953958041958
0.0250284771228771
0.0165369518481518
0.0231957738261738
0.0368799584415584
0.0319316595404595
0.0337032727272727
0.0335810925074925
0.0352916155844156
0.0379795804195804
0.0390181122877123
0.0471430969030969
0.0465932859140859
0.0445773122877123
0.029976776023976
0.0171478529470529
0.0107944815184815
-0.00618856903096904
-0.0108925074925075
-0.0118699492507493
-0.00270643276723277
0.0269222705294705
0.0721289518481519
0.156983114485514
0.199379650749251
0.0746336463536464
-0.0522505118881119
-0.135943962437562
-0.136554863536464
-0.116395127272727
-0.13478325034965
-0.174980542657343
-0.252687162437563
-0.320313914085914
-0.359167223976024
-0.369308182217782
-0.374134300899101
-0.432230995404595
-0.518978951448551
-0.604505105294705
-0.668527540459541
-0.68508296023976
-0.69070325034965
-0.705853597602398
-0.711351707492508
-0.698217333866134
-0.672926028371628
-0.658569852547453
-0.653377193206793
-0.658203311888112
-0.656187338261738
-0.669810432767233
-0.678485228371628
-0.690825430569431
-0.69577372947053
-0.692474863536464
-0.674270010789211
-0.654049184415584
-0.62949096023976
-0.603710933866134
-0.577503276723277
-0.546347320679321
-0.525637773426573
-0.500774098701299
-0.474444261338661
-0.454895426173826
-0.437729105294705
-0.410116375624376
-0.3902009998002
-0.366131496503497
-0.343589245954046
-0.331493404195804
-0.310234045954046
-0.294839338261738
-0.289096867932068
-0.283415487712288
-0.272052727272727
-0.272602538261738
-0.274007610789211
-0.260873237162837
-0.26227830969031
-0.251892991008991
-0.250182467932068
-0.244195637162837
-0.250610098701299
-0.248105404195804
-0.240835681118881
-0.247066872327672
-0.249143936063936
-0.237964445954046
-0.239919329470529
-0.240652410789211
-0.222936278921079
-0.215300015184815
-0.219698503096903
-0.216033096503497
-0.195262459140859
-0.193490845954046
-0.189031267932068
-0.180356472327672
-0.175285993206793
-0.170643144855145
-0.169787883316683
-0.154209905294705
-0.150972129470529
-0.1455961998002
-0.140892261338661
-0.131178933866134
-0.126841536063936
-0.12928514045954
-0.115356595404595
-0.113646072327672
-0.100878239360639
-0.0979459140859141
-0.094585958041958
-0.0931808855144855
-0.0903707404595405
-0.0778472679320679
-0.0791301602397602
-0.079557791008991
-0.0640409030969031
-0.0568933602397602
-0.038993958041958
-0.0301358921078921
-0.0292195404595405
-0.00765473166833168
0.00926722877122877
0.0133602661338661
0.021607430969031
0.0321149298701299
0.0434166001998002
0.0556346221778222
0.0659588507492508
0.0664475716283716
0.0742671056943057
0.0782990529470529
0.0836749826173826
0.0919221474525475
0.0922886881118881
0.0992529606393606
0.0855076859140859
0.102368556243756
0.109455008991009
0.10994372987013
0.118862885914086
0.118679615584416
0.115258569430569
0.121734121078921
0.125766068331668
0.129431474925075
0.12093994965035
0.123627914485514
0.12087885954046
0.118374165034965
0.123505734265734
0.118740705694306
0.120084688111888
0.125094077122877
0.129675835364635
0.132852521078921
0.1268046001998
0.122833743056943
0.12668241998002
0.125460617782218
0.12130649030969
0.127965312287712
0.12106212987013
0.130225646353646
0.134257593606394
0.141527316683317
0.147208696903097
0.157532925474525
0.149285760639361
0.152706806793207
0.152462446353646
0.158449277122877
0.164497198001998
0.169995307892108
0.186917268331668
0.201823255144855
0.217279052947053
0.245685954045954
0.280018595804196
0.313312705694306
0.350944213386613
0.389675343056943
0.411056881518482
0.525967378221778
0.680342085914086
0.803438657342657
0.937225998001998
1.05958948811189
1.19734768591409
1.32227696063936
1.44152485514486
1.35361618701299
1.32563691668332
1.66187688151848
2.17778285954046
2.75343496503497
3.49366382657343
4.46267514965035
5.4278377958042
6.32910018701299
7.1937696023976
8.10266825734266
9.06178298261738
9.94013658261738
10.6614275100899
11.2660363276723
11.5750911936064
11.569776354046
11.5097858661339
11.1563795804196
10.6787771012987
10.1304322749251
9.46112903096903
8.76537376943057
8.08990042437563
7.45279166833167
6.89583313646354
6.2437573034965
5.57787510569431
4.97082268371628
4.39614801998002
3.87449957162837
3.37569882437562
2.97390917162837
2.660577998002
2.36734547052947
2.07851143096903
1.81234182217782
1.54721074525475
1.27707027932068
1.02177471008991
0.814434877122877
0.663297945254745
0.508678877122877
0.32663034965035
0.0880734705294705
-0.181456094305694
-0.447381342657343
-0.649100885514486
-0.74079714045954
-0.689847988811189
-0.482996876723277
-0.295022608591409
-0.156164788811189
-0.0670954085914086
0.00590727272727273
0.0786655936063936
0.138533901298701
0.202250885914086
0.246846666133866
0.28234001998002
0.294435861738262
0.267800573826174
0.225220767232767
0.213552556243756
0.174454885914086
0.112631694705295
0.0434776903096903
-0.0198116635364635
-0.0666066877122877
-0.0909816415584416
-0.0942805074925075
-0.0977015536463537
-0.086216612987013
-0.0890878481518482
-0.106437439360639
-0.128185518481518
-0.159036023976024
-0.210046265734266
-0.241874212987013
-0.282987856943057
-0.307668261338661
-0.334120278921079
-0.344811048151848
-0.357395610789211
-0.361549738261738
-0.373217949250749
-0.371873966833167
-0.363382441558442
-0.370591074525475
-0.36271045034965
-0.369491452547453
-0.364482063536464
-0.370346714085914
-0.364054432767233
-0.347926643756244
-0.352447311888112
-0.327705817382617
-0.290746300899101
-0.260140155844156
-0.226662775624376
-0.194346107492507
-0.185182591008991
-0.1567145998002
-0.138509747052947
-0.110835927272727
-0.0816348547452548
-0.077297456943057
-0.0768087360639361
-0.0870718745254745
-0.0714328063936064
-0.0724102481518482
-0.070088823976024
-0.0866442437562438
-0.10106150969031
-0.129834951448551
-0.132767276723277
-0.127941158041958
-0.116944938261738
-0.124092481118881
-0.126597175624376
-0.143091505294705
-0.158180762437562
-0.174247461338661
-0.214139303096903
-0.254336595404595
-0.297710573426573
-0.363932252547453
-0.443410485514486
-0.517207338261738
-0.5958913998002
-0.670971144855145
-0.740980410789211
-0.804636305294705
-0.871835426173826
-0.938423645954046
-1.00397333386613
-1.06714050749251
-1.14588565914086
-1.2160781954046
-1.29378481518482
-1.37381285914086
-1.4575673998002
-1.52580505254745
-1.59697503056943
-1.6694279008991
-1.74682907012987
-1.82093137342657
-1.88177712287712
-1.94714354045954
-2.01012744375624
-2.06498636243756
-2.10047971628372
-2.1357897998002
-2.16535741298701
-2.18020230969031
-2.19822389210789
-2.2025001998002
-2.20695977782218
-2.2056157954046
-2.20017877562438
-2.18600587012987
-2.17775870529471
-2.17250495584416
-2.16303598881119
-2.16181418661339
-2.13829449430569
-2.14635838881119
-2.19022108771229
-2.22620316243756
-2.24953958441558
-2.2488065030969
-2.2012783976024
-2.15277285034965
-2.12228888551449
-2.10622218661339
-2.0597937030969
-1.99070078881119
-1.93883528551449
-1.88342655584416
-1.87530157122877
-1.86681004595405
-1.86870383936064
-1.87560702177822
-1.87872261738262
-1.87988332947053
-1.87230815584416
-1.87010891188811
-1.87646228331668
-1.87627901298701
-1.86809293826174
-1.85868506133866
-1.84384016463536
-1.84500087672328
-1.84041911848152
-1.83644826133866
-1.82856763716284
-1.82178663496504
-1.78702636243756
-1.77358653826174
-1.74316366353646
-1.71377932067932
-1.67236022617383
-1.63643924155844
-1.58390174705295
-1.55103526793207
-1.51951277122877
-1.49257203276723
-1.46636437562438
-1.44791516243756
-1.40490772507493
-1.35713525914086
-1.31296710969031
-1.25890236243756
-1.20276055144855
-1.1333010965035
-1.07007283276723
-0.992182942657343
-0.925716903096903
-0.853630573426573
-0.787103443756244
-0.721981386613387
-0.653743733866134
-0.582146125074925
-0.513114300899101
-0.435224410789211
-0.372362687712288
-0.303697404195804
-0.224707892107892
-0.151766300899101
-0.0871940547452548
-0.0201171140859141
0.0506252331668332
0.11550292987013
0.1712782001998
0.217401233166833
0.275253567232767
0.312457444155844
0.344224301298701
0.374158455144855
0.394379281518482
0.408307826573427
0.423091633166833
0.425718507892108
0.426268318881119
0.428162112287712
0.423152723276723
0.412156503496504
0.401099193606394
0.389919703496504
0.380756187012987
0.363284415584416
0.331945189210789
0.303355017782218
0.272871052947053
0.239393672727273
0.207138094705295
0.175554507892108
0.147819598001998
0.112814965034965
0.0751834573426573
0.036635598001998
-0.00172899100899102
-0.0341678393606394
-0.0796188811188811
-0.113584982217782
-0.155187347052947
-0.186832023976024
-0.22373045034965
-0.249999197602398
-0.282804586613387
-0.315243434965035
-0.346582661338661
-0.377188806393606
-0.400219777822178
-0.425083452547453
-0.453795804195804
-0.47908710969031
-0.49570361958042
-0.520628384415584
-0.535167830569431
-0.565529615184815
-0.563147100899101
-0.576709105294705
-0.57371568991009
-0.599495716283716
-0.600778608591409
-0.607926151448551
-0.606215628371628
-0.610308665734266
-0.614707153646354
-0.622404507492508
-0.621732516283716
-0.613240991008991
-0.609514494305694
-0.604627285514486
-0.604138564635365
-0.5958913998002
-0.599373536063936
-0.583429017382617
-0.58471190969031
-0.568889571228771
-0.557710081118881
-0.554777755844156
-0.533823848151848
-0.528203558041958
-0.507432920679321
-0.531807874525475
-0.741957852547453
-0.694185386613387
-0.752892982217782
-1.03964995804196
-1.05400613386613
-1.0375118041958
-0.834448278921079
-1.11705112727273
-1.85508074485514
-2.08227486353646
-2.31380638001998
-2.37452994925075
-2.42370748771229
-2.44044617782218
-2.43232119320679
-2.38363237562438
-2.29627351848152
-2.10506147452548
-1.99894795364635
-1.82478005034965
-1.58365738661339
-1.3130281998002
-1.05657191848152
-0.782827136063936
-0.49594798001998
-0.268814951448552
-0.0363670833166833
0.188444521078921
0.403359527672328
0.598542428771229
0.91034634965035
1.12416173426573
1.32490383536464
1.51208393206793
1.6037190969031
1.74856374745255
1.84679664415584
1.98272213866134
2.04955471888112
2.08492589250749
2.06317781338661
2.01271738261738
1.93861507932068
1.91393467492508
1.85589907052947
1.76573006833167
1.67177347932068
1.56614867932068
1.46980957602398
