-0.442555223976024
-0.437668015184815
-0.41818027012987
-0.384336349250749
-0.349392806393606
-0.333448287712288
-0.333570467932068
-0.366070406393606
-0.393866406393606
-0.410360736063936
-0.427649237162837
-0.420257333866134
-0.404434995404595
-0.39563801958042
-0.361305377822178
-0.348048823976024
-0.343955786613387
-0.360450116283716
-0.374745201998002
-0.396859821778222
-0.415553395404595
-0.41811918001998
-0.397470722877123
-0.377066626173826
-0.337968955844156
-0.324590221778222
-0.319275382217782
-0.32898870969031
-0.335708621778222
-0.339312938261738
-0.349331716283716
-0.357945421778222
-0.36820856023976
-0.368514010789211
-0.354096744855145
-0.350614608591409
-0.353302573426573
-0.348476454745255
-0.352813852547453
-0.355379637162837
-0.345421949250749
-0.337663505294705
-0.327583637162837
-0.324040410789211
-0.325995294305694
-0.327278186613387
-0.333875918481519
-0.329843971228771
-0.327705817382617
-0.311028217382617
-0.314327083316683
-0.309439874525475
-0.297527303096903
-0.312066749250749
-0.319641922877123
-0.315365615184815
-0.318725571228771
-0.302964322877123
-0.305407927272727
-0.296794221778222
-0.292334643756244
-0.287752885514486
-0.3068129998002
-0.319641922877123
-0.332409755844156
-0.33479227012987
-0.344322327272727
-0.334059188811189
-0.313105281118881
-0.304247215184815
-0.280544252547453
-0.268937131668332
-0.267348788811189
-0.287447434965035
-0.301070529470529
-0.315854336063936
-0.320619364635365
-0.30131488991009
-0.291784832767233
-0.264660823976024
-0.250060287712288
-0.238269896503497
-0.255008586613387
-0.283904208591409
-0.304613755844156
-0.321841166833167
-0.317259408591409
-0.324956762437562
-0.310539496503497
-0.292762274525475
-0.262705940459541
-0.243034925074925
-0.230389272327672
-0.263377931668332
-0.295450239360639
-0.30699627012987
-0.317076138261738
-0.325506573426573
-0.327889087712288
-0.318603391008991
-0.286897623976024
-0.249266116283716
-0.253603514085914
-0.269914573426573
-0.282132595404595
-0.275351593206793
-0.282315865734266
-0.294778248151848
-0.292762274525475
-0.270830925074925
-0.252870432767233
-0.244928718481519
-0.249877017382617
-0.261117597602398
-0.259407074525475
-0.268692771228771
-0.271441826173826
-0.277550837162837
-0.262156129470529
-0.248349764635365
-0.247983223976024
-0.258979443756244
-0.265271725074925
-0.256413659140859
-0.25146536023976
-0.247677773426573
-0.240530230569431
-0.227212586613387
-0.220981395404595
-0.228556569030969
-0.243584736063936
-0.247616683316683
-0.242240753646354
-0.254947496503497
-0.247311232767233
-0.258796173426573
-0.254214415184815
-0.242301843756244
-0.237048094305694
-0.259162714085914
-0.257452191008991
-0.247555593206793
-0.25702456023976
-0.258612903096903
-0.262889210789211
-0.259223804195804
-0.261484138261738
-0.263255751448552
-0.266432437162837
-0.273091259140859
-0.264905184415584
-0.271197465734266
-0.272724718481518
-0.274679601998002
-0.283843118481519
-0.272480358041958
-0.265699355844156
-0.260323426173826
-0.263377931668332
-0.264905184415584
-0.278589369030969
-0.280971883316683
-0.285248191008991
-0.284148569030969
-0.27370216023976
-0.270708744855145
-0.286164542657343
-0.27926136023976
-0.286347812987013
-0.282254775624376
-0.282071505294705
-0.280360982217782
-0.288547056943057
-0.295266969030969
-0.300093087712288
-0.305102476723277
-0.291479382217782
-0.299970907492508
-0.292029193206793
-0.277367566833167
-0.280788612987013
-0.287325254745255
-0.297282942657343
-0.299726547052947
-0.315915426173826
-0.319703012987013
-0.313899452547453
-0.313655092107892
-0.30705736023976
-0.302597782217782
-0.300826169030969
-0.301864700899101
-0.297405122877123
-0.298810195404595
-0.310111865734266
-0.313838362437562
-0.312005659140859
-0.308584612987013
-0.31817576023976
-0.315426705294705
-0.321718986613387
-0.312005659140859
-0.326728375624376
-0.326117474525475
-0.320558274525475
-0.318725571228771
-0.308279162437562
-0.309378784415584
-0.302536692107892
-0.320924815184815
-0.328316718481519
-0.346460481118881
-0.360633386613387
-0.369674722877123
-0.365520595404595
-0.352264041558442
-0.346216120679321
-0.335525351448551
-0.328438898701299
-0.327827997602398
-0.336686063536464
-0.350675698701299
-0.365764955844156
-0.386902133866134
-0.394966028371628
-0.396859821778222
-0.3846417998002
-0.376089184415584
-0.349698256943057
-0.351042239360639
-0.338457676723277
-0.339923839360639
-0.350920059140859
-0.359533764635365
-0.369735812987013
-0.376577905294705
-0.394843848151848
-0.400341958041958
-0.396920911888112
-0.398264894305694
-0.391239531668332
-0.386107962437563
-0.394110766833167
-0.398509254745255
-0.407245140459541
-0.399181245954046
-0.414575953646354
-0.421845676723277
-0.422700938261738
-0.421723496503497
-0.416408656943057
-0.413170881118881
-0.399547786613387
-0.391850432767233
-0.378044067932068
-0.391300621778222
-0.392950054745255
-0.407978221778222
-0.428871039360639
-0.429909571228771
-0.428137958041958
-0.434491329470529
-0.423311839360639
-0.419402072327672
-0.424228191008991
-0.426427434965035
-0.44029488991009
-0.423006388811189
-0.428443408591409
-0.438340006393606
-0.42929867012987
-0.437668015184815
-0.43504114045954
-0.441638872327672
-0.436018582217782
-0.43485787012987
-0.437118204195804
-0.446953711888112
-0.450985659140859
-0.448664234965035
-0.459538274525475
-0.470106863536464
-0.46827416023976
-0.47389445034965
-0.46821307012987
-0.471511936063936
-0.471389755844156
-0.464914204195804
-0.476582415184815
-0.475177342657343
-0.487151004195804
-0.48507394045954
-0.485807021778222
-0.496192340459541
-0.491977122877123
-0.51232012947053
-0.504989316283716
-0.509387804195804
-0.519223311888112
-0.515557905294705
-0.531196973426573
-0.539871769030969
-0.537855795404595
-0.524904692107892
-0.532052234965035
-0.520139663536464
-0.519712032767233
-0.524843601998002
-0.52349961958042
-0.528570098701299
-0.526126494305694
-0.532602045954046
-0.528936639360639
-0.528509008591409
-0.525759953646354
-0.520506204195804
-0.5180625998002
-0.526920665734266
-0.539627408591409
-0.54610296023976
-0.556732639360639
-0.543720445954046
-0.52930318001998
-0.525698863536464
-0.503950784415585
-0.486356832767233
-0.486540103096903
-0.477193316283716
-0.476765685514486
-0.49570361958042
-0.496497791008991
-0.504500595404595
-0.531746784415584
-0.532785316283716
-0.532907496503497
-0.531258063536464
-0.516535347052947
-0.50676092947053
-0.510426336063936
-0.499857747052947
-0.507555100899101
-0.515069184415584
-0.520933834965035
-0.522644358041958
-0.522583267932068
-0.509387804195804
-0.503584243756244
-0.497291962437562
-0.501018459140859
-0.492526933866134
-0.493687645954046
-0.507494010789211
-0.505844577822178
-0.509998705294705
-0.51280885034965
-0.520200753646354
-0.524171610789211
-0.507738371228771
-0.508410362437562
-0.50156827012987
-0.496742151448551
-0.505600217382617
-0.510365245954046
-0.522033456943057
-0.52936427012987
-0.530647162437562
-0.520811654745255
-0.51812368991009
-0.509998705294705
-0.505600217382617
-0.502912252547453
-0.508899083316683
-0.502118081118881
-0.499613386613387
-0.503828604195804
-0.519528762437563
-0.51830696023976
-0.533090766833167
-0.542743004195804
-0.536450722877123
-0.539932859140859
-0.52942536023976
-0.513419751448551
-0.507371830569431
-0.504989316283716
-0.500713008591409
-0.499491206393606
-0.502240261338661
-0.505111496503497
-0.505478037162837
-0.515313544855145
-0.503095522877123
-0.502056991008991
-0.499430116283716
-0.497902863536464
-0.499674476723277
-0.495459259140859
-0.50169045034965
-0.504072964635365
-0.499979927272727
-0.503095522877123
-0.510120885514486
-0.513541931668332
-0.517696059140859
-0.494909448151848
-0.492771294305694
-0.4791481998002
-0.468823971228771
-0.470290133866134
-0.483057966833167
-0.49613125034965
-0.511037237162837
-0.519650942657343
-0.517207338261738
-0.521666916283716
-0.514824823976024
-0.514275012987013
-0.502179171228771
-0.491854942657343
-0.498208314085914
-0.491244041558442
-0.492832384415584
-0.502179171228771
-0.513786292107892
-0.532357685514486
-0.537305984415584
-0.536389632767233
-0.532663136063936
-0.509754344855145
-0.482996876723277
-0.463203681118881
-0.463264771228771
-0.464242212987013
-0.469129421778222
-0.474871892107892
-0.475299522877123
-0.486601193206793
-0.498330494305694
-0.505539127272727
-0.498330494305694
-0.485745931668332
-0.477865307492508
-0.471084305294705
-0.467296718481519
-0.476154784415584
-0.469007241558442
-0.484096498701299
-0.489900059140859
-0.485990292107892
-0.489044797602398
-0.486723373426573
-0.491244041558442
-0.484035408591409
-0.481775074525475
-0.471573026173826
-0.470290133866134
-0.451046749250749
-0.460760076723277
-0.462165149250749
-0.463325861338661
-0.463631311888112
-0.462042969030969
-0.476276964635365
-0.472978098701299
-0.464303303096903
-0.445487549250749
-0.432780806393606
-0.420684964635365
-0.417080648151848
-0.422212217382617
-0.439989439360639
-0.451168929470529
-0.458621922877123
-0.46809088991009
-0.472061747052947
-0.467541078921079
-0.470839944855145
-0.466869087712288
-0.455689597602398
-0.429787391008991
-0.428137958041958
-0.430153931668332
-0.42942085034965
-0.434002608591409
-0.439928349250749
-0.430215021778222
-0.417141738261738
-0.426305254745255
-0.413842872327672
-0.410910547052947
-0.411582538261738
-0.402724472327672
-0.399486696503497
-0.415309034965035
-0.41255998001998
-0.406023338261738
-0.418424630569431
-0.410971637162837
-0.417447188811189
-0.428443408591409
-0.426060894305694
-0.433391707492508
-0.424900182217782
-0.42386165034965
-0.425938714085914
-0.41225452947053
-0.432230995404595
-0.415309034965035
-0.422762028371628
-0.424900182217782
-0.409810925074925
-0.425572173426574
-0.439011997602398
-0.450802388811189
-0.450191487712288
-0.45685030969031
-0.427099426173826
-0.418974441558442
-0.414087232767233
-0.388918107492508
-0.382686916283716
-0.390811900899101
-0.396187830569431
-0.398325984415584
-0.407245140459541
-0.425633263536464
-0.418668991008991
-0.41255998001998
-0.403335373426573
-0.400280867932068
-0.406450969030969
-0.399486696503497
-0.388673747052947
-0.374195391008991
-0.350003707492508
-0.328377808591409
-0.303941764635365
-0.315426705294705
-0.326972736063936
-0.353363663536464
-0.358556322877123
-0.36222172947053
-0.37364558001998
-0.348598634965035
-0.344811048151848
-0.34041256023976
-0.346765931668332
-0.362832630569431
-0.375600463536464
-0.378654969030969
-0.36252718001998
-0.362954810789211
-0.364298793206793
-0.366925667932068
-0.36778092947053
-0.361122107492508
-0.34004601958042
-0.309195514085914
-0.303147593206793
-0.286836533866134
-0.300459628371628
-0.31780921958042
-0.336441703096903
-0.338763127272727
-0.347682283316683
-0.328744349250749
-0.30113161958042
-0.274985052547453
-0.263439021778222
-0.270525474525475
-0.268814951448552
-0.266310256943057
-0.253420243756244
-0.251954081118881
-0.280299892107892
-0.292090283316683
-0.297832753646354
-0.303025412987013
-0.28445401958042
-0.276695575624376
-0.247677773426573
-0.221225755844156
-0.223791540459541
-0.239308428371628
-0.262033949250749
-0.269059311888112
-0.253603514085914
-0.241202221778222
-0.240774591008991
-0.245111988811189
-0.248716305294705
-0.248227584415584
-0.235398661338661
-0.213161861338661
-0.200332938261738
-0.201921281118881
-0.224219171228771
-0.213100771228771
-0.207663751448551
-0.178584859140859
-0.150972129470529
-0.135943962437562
-0.14022027012987
-0.135516331668332
-0.142663874525475
-0.146390371228771
-0.144557667932068
-0.148528525074925
-0.14590165034965
-0.146451461338661
-0.146512551448551
-0.161051997602398
-0.146268191008991
-0.129896041558442
-0.108881043756244
-0.106376349250749
-0.114928964635365
-0.125925184415584
-0.137532305294705
-0.122687408591409
-0.0901874701298701
-0.0851780811188811
-0.086216612987013
-0.102222221778222
-0.0962964811188811
-0.0783970789210789
-0.0418041030969031
-0.0330071272727273
-0.0293417206793207
-0.0425982745254745
-0.0523726921078921
-0.0544497558441559
-0.0640409030969031
-0.0597035052947053
-0.0520672415584416
-0.0477909338661339
-0.0398492195804196
-0.0355118217782218
-0.0263483052947053
-0.0237214305694306
-0.0118088591408591
0.00419674965034965
0.00364693866133866
0.00773997602397602
0.00969485954045954
-0.00759364155844157
-0.0220109074925075
-0.00728819100899102
-0.000385008591408595
0.0198969078921079
0.0304044067932068
0.0366966881118881
0.0263113694305694
0.0254561078921079
0.0263724595404595
0.0291826045954046
0.0398122837162837
0.0468987364635365
0.0509306837162837
0.0478761782217782
0.0497088815184815
0.0469598265734266
0.0635763364635365
0.0742060155844156
0.0811702881118881
0.0756110881118881
0.0715180507492508
0.0712126001998002
0.0739616551448551
0.0852022353646354
0.0983976991008991
0.100535852947053
0.0941824815184815
0.09332721998002
0.081659008991009
0.0828197210789211
0.0980922485514486
0.11018809030969
0.118496345254745
0.118862885914086
0.116846912287712
0.0978478881118881
0.0998027716283716
0.113303685914086
0.119473787012987
0.133035791408591
0.144704002397602
0.137312099100899
0.136212477122877
0.12656023976024
0.136517927672328
0.142443668331668
0.152034815584416
0.157838376023976
0.163397576023976
0.148186138661339
0.142810208991009
0.128515123276723
0.12130649030969
0.128454033166833
0.142138217782218
0.162053593606394
0.173294173826174
0.178670103496504
0.170300758441558
0.169384406793207
0.156311123276723
0.146719976023976
0.140610965034965
0.145925804595405
0.150813013386613
0.165047008991009
0.177570481518482
0.188139070529471
0.192048837562438
0.188566701298701
0.18765034965035
0.175004696903097
0.172927633166833
0.185023474925075
0.184412573826174
0.19320954965035
0.200234912287712
0.191437936463536
0.188872151848152
0.177631571628372
0.173477444155844
0.167918244155844
0.18209114965035
0.192048837562438
0.205244301298701
0.206527193606394
0.210498050749251
0.213308195804196
0.202250885914086
0.20457231008991
0.192293198001998
0.189177602397602
0.18807798041958
0.194981162837163
0.216484881518482
0.228580723276723
0.249656811188811
0.251000793606394
0.248435008991009
0.241898367232767
0.220700099100899
0.200296002397602
0.194248081518482
0.18807798041958
0.190338314485514
0.197485857342657
0.222532802397602
0.256254543056943
0.277391721078921
0.286799598001998
0.284050543056943
0.268778015584416
0.264807158441558
0.248007378221778
0.241654006793207
0.227297830969031
0.23224612987013
0.233040301298701
0.236583527672328
0.258942507892108
0.267861663936064
0.274764846353646
0.278491343056943
0.274703756243756
0.279102244155844
0.269633277122877
0.269816547452547
0.257231984815185
0.256743263936064
0.262058103496503
0.267189672727273
0.267678393606394
0.264868248551449
0.278124802397602
0.279224424375624
0.284478173826174
0.289365382617383
0.283989452947053
0.286005426573427
0.279041154045954
0.280140776023976
0.276414279320679
0.282889830969031
0.288449030969031
0.285699976023976
0.287410499100899
0.289304292507493
0.283684002397602
0.297368187012987
0.29333623976024
0.299567430969031
0.294008230969031
0.288998841958042
0.289487562837163
0.285638885914086
0.282828740859141
0.27647536943057
0.27684191008991
0.274887026573427
0.262974455144855
0.264012987012987
0.258575967232767
0.264929338661339
0.263157725474526
0.247701927672328
0.256987624375624
0.261813743056943
0.264196257342657
0.263157725474526
0.263157725474526
0.257903976023976
0.26004212987013
0.241409646353646
0.239943483716284
0.235544995804196
0.227969822177822
0.229741435364635
0.227908732067932
0.211658762837163
0.214652178221778
0.211903123276723
0.20457231008991
0.197485857342657
0.197363677122877
0.186795088111888
0.18203005954046
0.179525365034965
0.173538534265734
0.168773505694306
0.171522560639361
0.162969945254745
0.15453951008991
0.144398551848152
0.135907026573427
0.132669250749251
0.136762288111888
0.134563044155844
0.127293321078921
0.126010428771229
0.118496345254745
0.118557435364635
0.111532072727273
0.112998235364635
0.117824354045954
0.107255765034965
0.103101637562438
0.100413672727273
0.103651448551449
0.102551826573427
0.102857277122877
0.0982755188811189
0.105300881518482
0.102857277122877
0.0982755188811189
0.096137365034965
0.0974202573426574
0.100413672727273
0.0967482661338661
0.0914945166833167
0.0977257078921079
0.0913112463536464
0.093877030969031
0.0979700683316683
0.0930217694305694
0.0970537166833167
0.0976646177822178
0.100841303496503
0.100535852947053
0.100474762837163
0.099986041958042
0.1045678001998
0.100780213386613
0.101940925474525
0.100230402397602
0.103590358441558
0.102124195804196
0.105545241958042
0.100230402397602
0.106156143056943
0.0996805914085914
0.0996195012987013
0.0986420595404595
0.105789602397602
0.102735096903097
0.0946712023976024
0.0983976991008991
0.100352582617383
0.0963817254745255
0.100230402397602
0.104079079320679
0.103284907892108
0.109088468331668
0.0996195012987013
0.107316855144855
0.108049936463536
0.10994372987013
0.107194674925075
0.108538657342657
0.105667422177822
0.102002015584416
0.0979089782217782
0.102368556243756
0.0996195012987013
0.0949155628371628
0.0963206353646354
0.0947322925074925
0.0983976991008991
0.0921054177822178
0.101513294705295
0.0974202573426574
0.0955264639360639
0.0903948947052947
0.100963483716284
0.101696565034965
0.0963817254745255
0.100413672727273
0.0995584111888112
0.108294296903097
0.0976646177822178
0.100291492507493
0.103529268331668
0.0993751408591409
0.104751070529471
0.0976646177822178
0.0984587892107892
0.102002015584416
0.0975424375624376
0.0923497782217782
0.0910057958041958
0.0907003452547453
0.0812924683316683
0.0908836155844156
0.0957708243756244
0.088317830969031
0.099436230969031
0.0998638617382617
0.102368556243756
0.108294296903097
0.103834718881119
0.108111026573427
0.106278323276723
0.109393918881119
0.111104441958042
0.105911782617383
0.103956899100899
0.116113830969031
0.106278323276723
0.11006591008991
0.104017989210789
0.102918367232767
0.101513294705295
0.107316855144855
0.100413672727273
0.105545241958042
0.100535852947053
0.09888641998002
0.105056521078921
0.103345998001998
0.107622305694306
0.0972980771228771
0.0899672639360639
0.102185285914086
0.0906392551448552
0.0917388771228771
0.0894785430569431
0.0844080639360639
0.0793375848151848
0.0831862617382617
0.0803761166833167
0.0826364507492508
0.0776270617382617
0.0771383408591409
0.0751223672327672
0.0676693738261738
0.0666919320679321
0.0622934441558442
0.0677304639360639
0.0654701298701299
0.0575284155844156
0.0584447672327672
0.0603385606393606
0.0623545342657343
0.0634541562437562
0.0649203188811189
0.0660199408591409
0.0596054793206793
0.0584447672327672
0.0561233430569431
0.0434776903096903
0.0484259892107892
0.0495867012987013
0.0573451452547453
0.0533742881118881
0.0520303056943057
0.0429889694305694
0.0490368903096903
0.0546571804195804
0.0551459012987013
0.0497699716283716
0.042744608991009
0.0515415848151848
0.0426835188811189
0.0476318177822178
0.039995554045954
0.0374908595404595
0.0387126617382617
0.0309542177822178
0.0291826045954046
0.0281440727272727
0.0217907012987013
0.0198969078921079
0.0303433166833167
0.0310153078921079
0.0252117474525475
0.0253950177822178
0.00676253426573426
0.0038912991008991
0.00578509250749251
0.0038912991008991
0.00987812987012987
0.00187532547452547
-0.00258425254745255
-0.00789909210789211
-0.00331733386613386
-0.00209553166833168
0.0117108331668332
0.00407456943056943
0.0026694969030969
-0.0041115052947053
0.00407456943056943
-0.00233989210789211
-0.00386714485514486
-0.00435586573426573
-0.0041115052947053
-0.000262828371628374
0.00407456943056943
0.00383020899100898
0.00560182217782217
0.00792324635364635
0.00438001998001997
0.000348072727272719
0.0131769958041958
0.00309712767232767
0.00841196723276723
0.010489030969031
0.0107333914085914
0.00780106613386613
0.00419674965034965
-0.0059442085914086
0.00340257822177822
0.00150878481518481
0.00431892987012986
0.00627381338661338
0.00566291228771228
0.0166591320679321
0.0203856287712288
0.0226459628371628
0.0219128815184815
0.0180642045954046
0.0308931276723277
0.0292436947052947
0.0337643628371628
0.0410340859140859
0.0421337078921079
0.0476929078921079
0.049953241958042
0.0497088815184815
0.0561233430569431
0.0580782265734266
0.0633930661338661
0.0721289518481519
0.0774437914085914
0.0896618133866134
0.0858742265734266
0.088867641958042
0.0946712023976024
0.0979700683316683
0.10444561998002
0.100963483716284
0.100474762837163
0.104079079320679
0.102796187012987
0.107500125474525
0.111715343056943
0.107805576023976
0.11574729030969
0.117213452947053
0.113120415584416
0.118801795804196
0.120695589210789
0.136884468331668
0.131141998001998
0.126315879320679
0.127171140859141
0.128942754045954
0.119107246353646
0.120023598001998
0.110737901298701
0.115014208991009
0.117763263936064
0.113059325474525
0.119962507892108
0.129492565034965
0.135418305694306
0.139877883716284
0.136212477122877
0.14329892987013
0.141405136463536
0.128148582617383
0.127354411188811
0.139938973826174
0.128698393606394
0.13205834965035
0.132852521078921
0.131325268331668
0.144093101298701
0.147636327672328
0.162359044155844
0.16553572987013
0.163825206793207
0.163764116683317
0.17109492987013
0.173294173826174
0.176043228771229
0.172744362837163
0.175798868331668
0.178547923276723
0.183435132067932
0.185084565034965
0.184962384815185
0.185328925474526
0.180930437562438
0.178242472727273
0.181358068331668
0.184962384815185
0.180624987012987
0.188200160639361
0.194920072727273
0.186611817782218
0.192048837562438
0.201395624375624
0.194370261738262
0.197669127672328
0.194370261738262
0.211170041958042
0.204205769430569
0.20432794965035
0.208665347452547
0.217095782617383
0.222777162837163
0.229863615584416
0.234873004595405
0.236766798001998
0.232857030969031
0.219295026573427
0.220639008991009
0.214957628771229
0.226320389210789
0.217401233166833
0.218928485914086
0.236094806793207
0.232857030969031
0.242203817782218
0.243059079320679
0.239454762837163
0.236216987012987
0.232918121078921
0.222410622177822
0.22693129030969
0.234873004595405
0.23255158041958
0.235361725474525
0.244464151848152
0.253077857342657
0.257476345254745
0.267800573826174
0.277574991408591
0.273665224375624
0.282950921078921
0.278552433166833
0.281790208991009
0.284783624375624
0.281851299100899
0.277941532067932
0.286066516683317
0.288937751848152
0.285761066133866
0.279163334265734
0.275559017782218
0.280507316683317
0.284783624375624
0.285761066133866
0.282828740859141
0.279468784815185
0.286433057342657
0.288876661738262
0.292480978221778
0.284233813386613
0.287471589210789
0.289854103496504
0.290953725474525
0.296879466133866
0.306042982617383
0.310441470529471
0.320399158441558
0.324919826573427
0.319971527672328
0.327546701298701
0.318627545254745
0.320765699100899
0.318505365034965
0.320093707892108
0.325530727672328
0.321620960639361
0.329990305694306
0.341719606793207
0.347278806793207
0.352838006793207
0.372264661738262
0.377335140859141
0.382100169430569
0.386009936463537
0.382833250749251
0.384788134265734
0.386009936463537
0.383383061738262
0.390041883716284
0.397555967232767
0.399877391408591
0.409773989210789
0.41557754965035
0.440502314485515
0.454308679320679
0.461700582617383
0.469886657342657
0.473796424375624
0.475812398001998
0.475445857342657
0.476117848551449
0.468787035364635
0.453514507892108
0.456630103496504
0.451681804595405
0.455713751848152
0.470558648551449
0.478561452947053
0.496460855144855
0.508251246353646
0.526028468331668
0.555168450749251
0.567019932067932
0.58278118041958
0.593227589210789
0.585469145254745
0.598053707892108
0.594082850749251
0.589684362837163
0.586629857342657
0.585285874925075
0.590783984815185
0.606606323276723
0.613753866133866
0.622611932067932
0.633119430969031
0.633791422177822
0.646620345254745
0.645276362837163
0.641000055144855
0.62707151008991
0.603124187012987
0.589928723276723
0.598053707892108
0.6215734001998
0.6438102001998
0.661526332067932
0.671911650749251
0.684129672727273
0.698546938661339
0.717423782617383
0.729214173826174
0.735078824375624
0.732329769430569
0.732879580419581
0.734773373826174
0.745647413386613
0.768250754045954
0.772038340859141
0.790304283716284
0.794580591408592
0.803499747452548
0.811624732067932
0.823903844155844
0.811808002397603
0.82146023976024
0.819688626573427
0.811624732067932
0.793358789210789
0.7827902001998
0.77698663976024
0.773076872727273
0.773626683716284
0.792136987012987
0.79372532987013
0.795252582617383
0.795924573826174
0.789876652947053
0.79360314965035
0.789326841958042
0.784134182617383
0.771060899100899
0.763546815584416
0.767700943056943
0.779246973826174
0.806493162837163
0.818466824375624
0.82714161998002
0.840764714485515
0.857320134265734
0.871248679320679
0.874608635364636
0.863123694705295
0.854571079320679
0.8383822001998
0.843208318881119
0.855915061738262
0.868621804595405
0.874058824375625
0.884444143056943
0.897456336463537
0.891469505694306
0.897211976023976
0.874058824375625
0.84381921998002
0.822376591408592
0.803438657342657
0.807531694705295
0.826347448551449
0.851699844155844
0.878335132067932
0.907597294705295
0.924580345254745
0.954514499100899
0.979072723276723
0.989213681518482
0.99941572987013
0.980050165034965
0.968931765034965
0.972108450749251
0.979439263936064
1.00161497382617
1.00674654305694
1.02104162877123
1.03368728151848
1.04065155404595
1.0446835012987
1.01487152767233
0.983226850749251
0.937409268331668
0.911934692507493
0.893180028771229
0.889270261738262
0.89959449030969
0.92183129030969
0.944495721078921
0.967282332067932
0.974063334265734
0.979989074925075
0.979744714485515
0.958912987012987
0.939180881518482
0.911201611188811
0.885727035364635
0.867949813386613
0.871126499100899
0.877846411188811
0.900571932067932
0.92702394965035
0.945839703496504
0.949688380419581
0.962517303496504
0.961112230969031
0.963800195804196
0.975101866133866
0.99367325954046
1.0057691012987
1.02489030569431
1.04731037602398
1.04443914085914
1.04413369030969
1.01945328591409
0.996116863936064
0.959035167232767
0.93270532987013
0.922014560639361
0.913156494705295
0.908635826573427
0.917554982617383
0.936981637562438
0.958974077122877
0.976079307892108
0.987991879320679
1.00766289470529
1.015054798002
1.02544011668332
1.04425587052947
1.04040719360639
1.04957071008991
1.04981507052947
1.04847108811189
1.0558019012987
1.05971166833167
1.06783665294705
1.06056692987013
1.06123892107892
1.05940621778222
1.06673703096903
1.07663362877123
1.10345218701299
1.1348525034965
1.13002638481519
1.12171812987013
1.10882811668332
1.08524733426573
1.06484323756244
1.04450023096903
1.02452376503497
1.00919014745255
1.00607455184815
1.02262997162837
1.04944852987013
1.07284604195804
1.09862606833167
1.10620124195804
1.1194577958042
1.11536475844156
1.12116831888112
1.13039292547453
1.12972093426573
1.13204235844156
1.13534122437562
1.13564667492508
1.13576885514486
1.12348974305694
1.09483848151848
1.076205998002
1.05824550569431
1.07724452987013
1.08262045954046
1.09318904855145
1.11664765074925
1.1299042045954
1.17700467932068
1.22984762437562
1.26949510569431
1.2837291012987
1.29197626613387
1.28415673206793
1.29399223976024
1.30492736943057
1.29258716723277
1.28550071448551
1.25562765074925
1.23968313206793
1.21225367272727
1.18867289030969
1.16973495624376
1.14890322877123
1.14627635404595
1.13558558481519
1.14035061338661
1.15879982657343
1.17022367712288
1.18543511448551
1.18451876283716
1.17572178701299
1.16606954965035
1.16179324195804
1.16771898261738
1.16991822657343
1.17676031888112
1.1848853034965
1.19472081118881
1.20009674085914
1.21408637602398
1.21176495184815
1.21512490789211
1.21530817822178
1.22673202877123
1.22324989250749
1.22306662217782
1.22483823536464
1.21726306173826
1.2071221034965
1.19673678481518
1.19753095624376
1.21903467492508
1.23840023976024
1.25477238921079
1.24982409030969
1.24121038481518
1.22202809030969
1.21072641998002
1.2028457958042
1.19307137822178
1.1657640991009
1.16197651228771
1.170712398002
1.17975373426573
1.19007796283716
1.21408637602398
1.215185998002
1.20339560679321
1.19032232327672
1.17413344415584
1.16252632327672
1.14328293866134
1.14853668811189
1.13723501778222
1.14193895624376
1.13955644195804
1.13228671888112
1.12342865294705
1.10870593646354
1.10241365514486
1.0903789034965
1.08549169470529
1.06905845514486
1.07101333866134
1.07528964635365
1.08072666613387
1.08921819140859
1.09874824855145
1.11304333426573
1.09703772547453
1.08445316283716
1.07522855624376
1.05958948811189
1.03093822657343
1.00436402877123
0.976690208991009
0.94913856943057
0.946267334265734
0.944923351848152
0.958851896903097
0.945167712287712
0.941624485914086
0.944251360639361
0.961906402397603
0.962517303496504
0.959890428771229
0.95506431008991
0.942540837562438
0.940830314485515
0.940830314485515
0.913645215584416
0.879923474925075
0.845346472727273
0.794947132067932
0.756277092507493
0.697386226573427
0.669651316683317
0.650896652947053
0.631225637562438
0.622734112287712
0.610882630969031
0.618091263936064
0.616441830969031
0.620473778221778
0.620595958441559
0.619007615584416
0.603246367232767
0.598298068331668
0.57691652987013
0.548143088111888
0.525845198001998
0.495300143056943
0.466709971628372
0.451498534265734
0.446305874925075
0.452598156243756
0.46029551008991
0.446428055144855
0.426451589210789
0.41026271008991
0.405558771628372
0.396883976023976
0.384543773826174
0.345690463936064
0.347278806793207
0.328585233166833
0.335610595804196
0.300850323276723
0.323514754045954
0.290098463936064
0.325225277122877
0.285699976023976
0.318199914485515
0.290953725474525
0.283073101298701
0.542461707892108
-1.19066470969031
-5.13574182617383
-5.51596667012987
-9.3442394965035
-5.06591583056943
3.31882393206793
-4.03440932507493
2.31987845514486
0.151790455144855
-4.27559307892108
-5.05272036683317
-12.0536469602398
-16.1710592767233
-12.9406142657343
-8.6406647008991
-6.97266034045954
-8.17809038881119
-10.0641864415584
-9.70467114485515
-8.4010081998002
-7.25318612507493
-6.44099311408591
-5.81817944375624
-4.22745407232767
-2.62939788771229
-2.24990612507493
-2.07011793166833
-2.36225083716284
-3.07101829210789
-4.1117494041958
-4.8468466965035
-5.67156318001998
-6.42419333386613
-6.94840756683317
-7.37603833606394
-7.30040878001998
-6.79678191408591
-6.39737477562438
-5.96180229210789
-5.52140368991009
-4.88521128551449
-3.79957894265734
-2.51589246353646
-1.44693772067932
-0.467113448151848
0.314167967232767
0.8828558001998
1.46247876283716
1.78790577822178
1.80739352327672
1.84850716723277
1.86781164195804
1.95058874085914
2.1639154045954
2.14290040679321
2.09677737382617
2.05346448591409
1.97209245954046
1.88381725074925
1.88100710569431
1.69248302657343
1.58533097382617
1.52912807272727
1.36864435404595
1.37493663536464
1.33107393646354
1.3424366969031
1.54385078921079
2.43582748371628
2.74750922437562
2.27693210789211
1.88314525954046
1.70409014745255
1.89560764195804
2.11046155844156
2.25206843316683
2.17454508371628
1.8285307012987
1.43987542217782
1.22715965954046
1.14175568591409
1.26314173426573
1.43987542217782
1.59522757162837
1.70182981338661
1.7383616991009
1.75717745294705
1.86023646833167
1.99524561118881
2.10893430569431
2.13807428811189
2.06983663536464
1.86158045074925
1.68869543976024
1.59357813866134
1.55851241558442
1.58111575624376
1.59907624855145
1.53786395844156
1.49949936943057
1.49565069250749
1.52039218701299
1.55655753206793
1.43950888151848
1.01407735624376
0.991718376023976
1.26943401558442
1.4128125034965
1.86579566833167
2.02725682877123
1.76756277162837
1.40242718481519
1.15537878041958
1.17156765954046
1.35453253866134
1.49357362877123
1.56792029250749
1.55533572987013
1.44952765954046
1.41519501778222
1.4239309034965
1.43449949250749
1.51110649030969
1.53132731668332
1.52485176503497
1.52405759360639
1.48404357162837
1.45826354525475
1.55961203756244
1.56639303976024
1.49051912327672
1.43700418701299
1.31885591448551
1.33266227932068
1.35990846833167
1.30578263096903
1.30676007272727
1.31476287712288
1.26100358041958
1.28079677602398
1.28934939140859
1.29845181778222
1.33058521558442
1.33009649470529
1.3158624991009
1.33388408151848
1.30553827052947
1.35215002437562
1.38800991888112
1.39851741778222
1.40199955404595
1.39680689470529
1.38611612547453
1.35544889030969
1.36791127272727
1.32441511448551
1.29692456503497
1.29490859140859
1.25807125514486
1.24194346613387
1.21634671008991
1.2015629034965
1.21323111448551
1.21927903536464
1.21512490789211
1.20828281558442
1.20137963316683
1.19924147932068
1.20211271448551
1.16209869250749
1.15177446393606
1.14028952327672
1.13644084635365
1.08762984855145
1.07443438481518
1.03741377822178
0.976445848551449
0.972352811188811
0.962700573826174
0.953598147452548
0.952926156243756
0.959096257342657
0.94357936943057
0.965510718881119
0.933988222177822
0.98829732987013
0.929039923276723
0.381428178221778
0.0571618749250749
-0.59021001958042
-1.74322475364635
-2.40580808551449
-2.23206781298701
-1.78189479320679
-1.55671664815185
-1.64713001078921
-2.0332805954046
-2.40189831848152
-2.67637618221778
-2.77925192727273
-2.74553018661339
-2.6274430041958
-2.45773467892108
-2.24135350969031
-2.04610951848152
-1.82111464375624
-1.5625812987013
-1.22395881958042
-0.884358898701299
-0.665717395404595
-0.637554854745255
-0.777634476723277
-1.04887456463536
-1.37821134705295
-1.82856763716284
-2.36793221738262
-2.74992867452548
-2.87198671408591
-2.94975442397602
-2.91267272727273
-2.6114373954046
-2.28142862177822
-1.98825718441558
-1.72227084595405
-1.52562178221778
-1.3093017030969
-1.06665178661339
-0.847338292107892
-0.631812384415584
-0.474688621778222
-0.28439292947053
-0.147367812987013
0.110310270529471
0.485525725474526
1.4078642045954
1.74447071008991
0.494750332067932
0.128026402397602
0.120451228771229
0.104079079320679
0.158937998001998
0.228336362837163
0.141038595804196
0.00664035404595404
-0.0157797162837163
0.1712782001998
0.440563404595405
0.640572424375624
0.67166729030969
0.660793250749251
0.720967008991009
0.80459936943057
0.755849461738262
0.648147598001998
0.563232345254745
0.548631808991009
0.624627905694306
0.705205760639361
0.726037488111888
0.8050270001998
0.809608758441559
0.507762525474525
-2.53531911848152
-5.14472207232767
-7.57952949210789
-9.17813548771229
-12.3733925954046
-13.442774969031
-13.6280612723277
-10.2781850965035
-5.95098934265734
2.85411146613387
10.3364892155844
20.9988515452547
27.7328754485515
38.9310591320679
41.4372808903097
62.1111515188811
66.952176187013
59.3997280815185
62.4867335144855
47.1573311496504
41.0199132595405
40.6294252771229
40.6893546749251
33.7170793430569
28.7396404595405
21.8662089254745
18.8152466573427
14.4563451364635
9.96964310569431
3.31747994965035
-0.242668384415584
-4.67842126353646
-6.04800043716284
-10.5326254041958
-13.2517461954046
-10.6568826877123
-10.454124612987
-11.0739448679321
-11.0366799008991
-10.6935367536464
-10.7555432151848
-12.1249391184815
-12.7789087448551
-11.0978311008991
-10.7557264855145
-9.48737362397602
-8.40131365034965
-7.0093754965035
-6.15918443716284
-5.33776681958042
-4.61103887232767
-4.20112423496504
-4.01754845474526
-3.90550919320679
-3.84826776023976
-3.73586195804196
-4.15683390529471
-4.59943175144855
-5.05705776463537
-5.48407763276723
-5.68469755364635
-5.28437406353646
-5.07379645474526
-4.53418751408591
-3.32765784375624
-2.0752495008991
-0.617456208591409
0.403237347452547
1.4227091012987
4.29479952767233
6.71549513206793
4.79085121998002
0.755544011188811
-1.89778273166833
-2.44441703496504
-2.53880125474526
-2.84296891188811
-3.11084904375624
-3.1858676987013
-3.15141287672328
-3.09026167672328
-2.98408706573427
-2.85115498661339
-2.63532362837163
-2.39957689430569
-2.28417767672328
-2.20976992287712
-2.20469944375624
-2.19394758441558
-2.26908841958042
-2.33683735144855
-2.42224132507493
-2.39181845034965
-2.43562005914086
-2.35791343936064
-2.41692648551449
-2.2154513030969
-1.77273127672328
-1.11393553166833
-0.147306722877123
-0.610675206393606
-1.6515284987013
-2.07390551848152
-2.13322401518482
-2.09901355364635
-1.61682931628372
-1.49098368991009
-1.14148717122877
-1.16916099100899
-1.29745022177822
-1.79203575144855
-2.20097294705295
-2.60257932947053
-2.30488722397602
-2.05582284595405
-1.3951943976024
-1.37827243716284
-0.959744094305694
-1.45830048111888
-0.773113808591409
-2.00230790969031
-0.0719215272727273
3.57375296063936
-2.6243884987013
-1.75758092947053
-1.88861921518482
-1.60882651188811
-1.94744899100899
-1.16470141298701
-0.737131733866134
-1.52953154925075
-3.0993641030969
