1.12000760679321
1.1231232023976
1.11505930789211
1.11438731668332
1.1126157034965
1.12245121118881
1.13039292547453
1.12721623976024
1.14016734305694
1.15140792327672
1.16057143976024
1.17297273206793
1.1614267012987
1.17474434525475
1.19905820899101
1.17181201998002
1.2077330045954
1.23901114085914
1.24909100899101
1.2460365034965
1.23497919360639
1.22263899140859
1.22764838041958
1.21249803316683
1.18091444635365
1.20205162437562
1.19264374745255
1.19496517162837
1.18824525954046
1.20638902217782
1.20113527272727
1.19319355844156
1.17535524635365
1.18775653866134
1.20321233646354
1.19856948811189
1.17596614745255
1.18457985294705
1.19472081118881
1.17969264415584
1.18018136503497
1.18812307932068
1.19209393646354
1.19026123316683
1.18176970789211
1.18824525954046
1.20577812107892
1.18525184415584
1.17999809470529
1.17211747052947
1.18030354525475
1.20309015624376
1.19826403756244
1.19667569470529
1.18439658261738
1.18354132107892
1.19123867492508
1.20370105734266
1.21689652107892
1.19643133426573
1.19624806393606
1.19643133426573
1.19435427052947
1.2164078001998
1.22331098261738
1.21200931228771
1.21934012547453
1.22856473206793
1.23589554525475
1.25019063096903
1.24621977382617
1.23723952767233
1.22581567712288
1.24939645954046
1.2515957034965
1.25135134305694
1.25397821778222
1.26167557162837
1.25917087712288
1.26754022217782
1.26326391448551
1.25849888591409
1.25000736063936
1.25293968591409
1.26839548371628
1.26075921998002
1.25574983096903
1.27010600679321
1.2701670969031
1.28354583096903
1.29600821338661
1.28091895624376
1.26637951008991
1.28904394085914
1.28910503096903
1.28342365074925
1.27920843316683
1.2825072991009
1.28739450789211
1.29527513206793
1.31244145294705
1.30822623536464
1.29325915844156
1.31763411228771
1.3331510001998
1.32404857382617
1.32294895184815
1.32270459140859
1.33082957602398
1.33290663976024
1.33706076723277
1.33406735184815
1.33302881998002
1.33602223536464
1.35703723316683
1.36681165074925
1.35746486393606
1.36137463096903
1.35764813426573
1.36326842437562
1.35025623096903
1.36693383096903
1.34689627492508
1.35996955844156
1.37603625734266
1.37896858261738
1.3899648023976
1.38532195404595
1.38165654745255
1.39155314525475
1.38709356723277
1.38416124195804
1.37780787052947
1.37279848151848
1.38208417822178
1.39839523756244
1.40340462657343
1.39472983096903
1.40707003316683
1.40896382657343
1.42124293866134
1.4233200023976
1.42411417382617
1.41660009030969
1.41745535184815
1.42307564195804
1.43639328591409
1.43095626613387
1.4233200023976
1.42680213866134
1.43920343096903
1.44439609030969
1.4530097958042
1.45166581338661
1.44317428811189
1.45392614745255
1.45527012987013
1.44916111888112
1.43541584415584
1.44207466613387
1.46211222217782
1.47885091228771
1.48043925514486
1.46247876283716
1.47292517162837
1.47836219140859
1.47787347052947
1.48068361558442
1.45936316723277
1.47176445954046
1.48618172547453
1.48825878921079
1.49412343976024
1.49528415184815
1.50505856943057
1.5030425958042
1.51110649030969
1.5086017958042
1.51403881558442
1.51269483316683
1.52088090789211
1.52265252107892
1.50829634525475
1.49638377382617
1.50658582217782
1.52839499140859
1.53474836283716
1.52698991888112
1.53810831888112
1.53633670569431
1.54177372547453
1.55448046833167
1.5412850045954
1.54116282437562
1.53957448151848
1.5592454969031
1.55716843316683
1.57286859140859
1.57482347492508
1.56926427492508
1.57244096063936
1.56511014745255
1.57299077162837
1.5833150001998
1.58123793646354
1.58667495624376
1.59357813866134
1.61312697382617
1.61740328151848
1.60542961998002
1.61691456063936
1.61899162437562
1.60817867492508
1.62119086833167
1.63029329470529
1.62729987932068
1.63389761118881
1.6512472023976
1.65020867052947
1.65033085074925
1.6462989034965
1.64544364195804
1.63994553206793
1.62821623096903
1.65143047272727
1.63072092547453
1.64519928151848
1.66279323316683
1.65326317602398
1.65918891668332
1.66590882877123
1.67079603756244
1.66896333426573
1.665481198002
1.6462989034965
1.654362798002
1.66621427932068
1.68173116723277
1.67580542657343
1.67036840679321
1.69749241558442
1.69480445074925
1.68961179140859
1.68264751888112
1.67690504855145
1.67342291228771
1.67097930789211
1.67953192327672
1.68191443756244
1.70079128151848
1.69248302657343
1.69437681998002
1.70494540899101
1.70170763316683
1.69871421778222
1.6920553958042
1.68979506173826
1.68124244635365
1.68069263536464
1.68087590569431
1.68784017822178
1.7149030969031
1.72058447712288
1.72339462217782
1.74043876283716
1.74703649470529
1.73439084195804
1.726632398002
1.70787773426573
1.71276494305694
1.72064556723277
1.72736547932068
1.73597918481519
1.74612014305694
1.75870470569431
1.76322537382617
1.77031182657343
1.76542461778222
1.77116708811189
1.77037291668332
1.76524134745255
1.76175921118881
1.77568775624376
1.77959752327672
1.78998284195804
1.79548095184815
1.82804198041958
1.8353117034965
1.81490760679321
1.82816416063936
1.83494516283716
1.8347008023976
1.83390663096903
1.83769421778222
1.8186341034965
1.82602600679321
1.83421208151848
1.84288687712288
1.83299027932068
1.83909929030969
1.85608234085914
1.87068287712288
1.87526463536464
1.87398174305694
1.86145827052947
1.85437181778222
1.87508136503497
1.88461142217782
1.87502027492508
1.876730798002
1.882289998002
1.88583322437562
1.89200332547453
1.89872323756244
1.9020221034965
1.89536328151848
1.89603527272727
1.91735572107892
1.91894406393606
1.91582846833167
1.90519878921079
1.91283505294705
1.91320159360639
1.92731340899101
1.93360569030969
1.92963483316683
1.93464422217782
1.93452204195804
1.93995906173826
1.93403332107892
1.93403332107892
1.94228048591409
1.9631733034965
1.98534901338661
1.98467702217782
1.97728511888112
1.97954545294705
1.97869019140859
1.98259995844156
1.97636876723277
1.9798509034965
1.98705953646354
2.00544765954046
2.02175871888112
2.03348801998002
2.03751996723277
2.05804624415584
2.05926804635365
2.05639681118881
2.04918817822178
2.03214403756244
2.0292728023976
2.03849740899101
2.03806977822178
2.04992125954046
2.06360544415584
2.07240241998002
2.08669750569431
2.07887797162837
2.07900015184815
2.07875579140859
2.07246351008991
2.07722853866134
2.09085163316683
2.08022195404595
2.08926329030969
2.08681968591409
2.11052264855145
2.10184785294705
2.08694186613387
2.09506685074925
2.09940424855145
2.08633096503497
2.0904240023976
2.10978956723277
2.12164104855145
2.11828109250749
2.13483651228771
2.14290040679321
2.13141546613387
2.1355085034965
2.14222841558442
2.14919268811189
2.14656581338661
2.14241168591409
2.15939473646354
2.15982236723277
2.15609587052947
2.16360995404595
2.14864287712288
2.15298027492508
2.15701222217782
2.16397649470529
2.1596390969031
2.1596390969031
2.1614718001998
2.16654227932068
2.1725902001998
2.14742107492508
2.15847838481518
2.17643887712288
2.18040973426573
2.18706855624376
2.18468604195804
2.19617098261738
2.18328096943057
2.1732011012987
2.16782517162837
2.16617573866134
2.1725902001998
2.16220488151848
2.17931011228771
2.19079505294705
2.18260897822178
2.18144826613387
2.17729413866134
2.17002441558442
2.16385431448551
2.17204038921079
2.1744229034965
2.17368982217782
2.20008074965035
2.1948270001998
2.1738120023976
2.18590784415584
2.19519354085914
2.19837022657343
2.18896234965035
2.18224243756244
2.17778285954046
2.17949338261738
2.19885894745255
2.1904896023976
2.17582797602398
2.19134486393606
2.1917114045954
2.19342192767233
2.20466250789211
2.19342192767233
2.19427718921079
2.19103941338661
2.19268884635365
2.19537681118881
2.18376969030969
2.18920671008991
2.18755727712288
2.18822926833167
2.20252435404595
2.20454032767233
2.20551776943057
2.21449801558442
2.21724707052947
2.20295198481519
2.19995856943057
2.20698393206793
2.20551776943057
2.20899990569431
2.20942753646354
2.21358166393606
2.21498673646354
2.23080907492507
2.2226230001998
2.21596417822178
2.21327621338661
2.21535327712288
2.21675834965035
2.21571981778222
2.20240217382617
2.20625085074925
2.21138241998002
2.22225645954046
2.22867092107892
2.20417378701299
2.18896234965035
2.19745387492507
2.20423487712288
2.20851118481519
2.20985516723277
2.20753374305694
2.18670201558442
2.19085614305694
2.19623207272727
2.19494918041958
2.19256666613387
2.20148582217782
2.19562117162837
2.19641534305694
2.21040497822178
2.21633071888112
2.22946509250749
2.23343594965035
2.21877432327672
2.22207318921079
2.22922073206793
2.21596417822178
2.1923833958042
2.19323865734266
2.20441814745255
2.2121155012987
2.21822451228771
2.22280627052947
2.22353935184815
2.21187114085914
2.22292845074925
2.23551301338661
2.22769347932068
2.21309294305694
2.21651398921079
2.22341717162837
2.22152337822178
2.21871323316683
2.19647643316683
2.20710611228771
2.22769347932068
2.22873201118881
2.22250081998002
2.22182882877123
2.21969067492507
2.21040497822178
2.21064933866134
2.20753374305694
2.210282798002
2.2238448023976
2.22305063096903
2.21376493426573
2.21724707052947
2.21297076283716
2.19769823536464
2.18737400679321
2.22243972987013
2.21327621338661
2.1904896023976
2.18651874525475
2.18040973426573
2.17894357162837
2.17087967712288
2.18566348371628
2.18914561998002
2.1898787012987
2.19348301778222
2.19788150569431
2.18603002437562
2.17466726393606
2.17643887712288
2.15982236723277
2.15798966393606
2.16605355844156
2.17759958921079
2.1732011012987
2.1793712023976
2.17466726393606
2.18541912327672
2.17521707492508
2.1590281958042
2.16159398041958
2.14998685954046
2.14931486833167
2.14729889470529
2.12848314085914
2.14057898261738
2.13098783536464
2.11962507492508
2.13495869250749
2.13538632327672
2.12610062657343
2.13233181778222
2.13220963756244
2.14937595844156
2.13758556723277
2.13874627932068
2.126894798002
2.10948411668332
2.11223317162837
2.11168336063936
2.11889199360639
2.11247753206793
2.10911757602398
2.12402356283716
2.11003392767233
2.10722378261738
2.1108280991009
2.1207246969031
2.09867116723277
2.10300856503497
2.10697942217782
2.10398600679321
2.11424914525475
2.10539107932068
2.10777359360639
2.10612416063936
2.09610538261738
2.10539107932068
2.08914111008991
2.07594564635365
2.07234132987013
2.08199356723277
2.07527365514486
2.08449826173826
2.0749682045954
2.07063080679321
2.07289114085914
2.06476615624376
2.06439961558442
2.05175396283716
2.04381224855145
2.05242595404595
2.04582822217782
2.04240717602398
2.04442314965035
2.04631694305694
2.05022671008991
2.05456410789211
2.04210172547453
2.03910831008991
2.03648143536464
2.03214403756244
2.02970043316683
2.03666470569431
2.03098332547453
2.04320134745255
2.03654252547453
2.03055569470529
2.02634047712288
2.01253411228771
2.01681041998002
2.0175435012987
2.01088467932068
2.0014768023976
2.00361495624376
1.99689504415584
1.99267982657343
2.00569201998002
1.99994954965035
1.9940848991009
1.99988845954046
1.99255764635365
1.98015635404595
1.9860210045954
1.9909693034965
1.971237198002
1.96586126833167
1.97496369470529
1.96518927712288
1.96818269250749
1.96989321558442
1.9675107012987
1.96549472767233
1.96616671888112
1.97099283756244
1.94930584855145
1.95449850789211
1.96586126833167
1.96140169030969
1.96299003316683
1.95749192327672
1.9464957034965
1.95547594965035
1.94191394525475
1.93885943976024
1.92700795844156
1.92291492107892
1.92926829250749
1.92664141778222
1.93714891668332
1.92218183976024
1.9279854001998
1.92358691228771
1.91613391888112
1.9113078001998
1.9082532947053
1.9039158969031
1.90684822217782
1.90361044635365
1.91387358481519
1.91772226173826
1.91081907932068
1.90348826613387
1.89493565074925
1.90684822217782
1.89994503976024
1.89658508371628
1.8952411012987
1.90800893426573
1.8946302001998
1.90727585294705
1.90868092547453
1.89621854305694
1.89664617382617
1.88748265734266
1.88742156723277
1.89945631888112
1.89908977822178
1.88815464855145
1.87966312327672
1.87025524635365
1.8847336023976
1.87728060899101
1.85999210789211
1.85351655624376
1.84728536503497
1.85253911448551
1.8532721958042
1.85186712327672
1.86897235404595
1.85461617822178
1.84783517602398
1.84221488591409
1.84209270569431
1.83854947932068
1.83085212547453
1.83256264855145
1.81722903096903
1.83665568591409
1.83311245954046
1.8279198001998
1.81796211228771
1.821138798002
1.83109648591409
1.81783993206793
1.81221964195804
1.80189541338661
1.798901998002
1.79823000679321
1.8007347012987
1.79505332107892
1.78515672327672
1.79138791448551
1.78705051668332
1.80440010789211
1.80433901778222
1.78979957162837
1.77012855624376
1.76249229250749
1.76872348371628
1.759987598002
1.76854021338661
1.7605984991009
1.75980432767233
1.75479493866134
1.75681091228771
1.73384103096903
1.7420881958042
1.72266154085914
1.73744534745255
1.74135511448551
1.72657130789211
1.72938145294705
1.72400552327672
1.73921696063936
1.71343693426573
1.72064556723277
1.72877055184815
1.7068392023976
1.70463995844156
1.71313148371628
1.69553753206793
1.68075372547453
1.6889398001998
1.69486554085914
1.6901616023976
1.69297174745255
1.69284956723277
1.6858242045954
1.67421708371628
1.68985615184815
1.67317855184815
1.66810807272727
1.6642593958042
1.67281201118881
1.6790432023976
1.65570678041958
1.65240791448551
1.66352631448551
1.66334304415584
1.64147278481519
1.6537518969031
1.6389070001998
1.63377543096903
1.63835718921079
1.60921720679321
1.60445217822178
1.6253449958042
1.60414672767233
1.61831963316683
1.61331024415584
1.61886944415584
1.61123318041958
1.62760532987013
1.61624256943057
1.61538730789211
1.62675006833167
1.61318806393606
1.61954143536464
1.63133182657343
1.61581493866134
1.63194272767233
1.63359216063936
1.63511941338661
1.63328671008991
1.66273214305694
1.64330548811189
1.63799064855145
1.65240791448551
1.64965885954046
1.67391163316683
1.65863910569431
1.64868141778222
1.65979981778222
1.66743608151848
1.66908551448551
1.65167483316683
1.67794358041958
1.67091821778222
1.65344644635365
1.65833365514486
1.6759886969031
1.65894455624376
1.67281201118881
1.67012404635365
1.68539657382617
1.68050936503497
1.68295296943057
1.71013806833167
1.71355911448551
1.71661361998002
1.70720574305694
1.70152436283716
1.70964934745255
1.70488431888112
1.71007697822178
1.72449424415584
1.71135987052947
1.72681566833167
1.72742656943057
1.72828183096903
1.7260214969031
1.73946132107892
1.73329121998002
1.73885041998002
1.74373762877123
1.73371885074925
1.75448948811189
1.74770848591409
1.74954118921079
1.74960227932068
1.76041522877123
1.75772726393606
1.74361544855145
1.75870470569431
1.76817367272727
1.76438608591409
1.7574829034965
1.74819720679321
1.74459289030969
1.73457411228771
1.73237486833167
1.74801393646354
1.74379871888112
1.75467275844156
1.75717745294705
1.776665198002
1.76573006833167
1.74758630569431
1.75314550569431
1.74312672767233
1.74734194525475
1.75247351448551
1.76456935624376
1.73695662657343
1.73787297822178
1.75607783096903
1.75088517162837
1.72883164195804
1.7352461034965
1.72486078481519
1.73750643756244
1.73072543536464
1.7296869034965
1.72162300899101
1.70818318481518
1.72461642437562
1.7031737958042
1.69895857822178
1.7080610045954
1.69187212547453
1.6864961958042
1.70696138261738
1.71160423096903
1.73139742657343
1.70787773426573
1.70134109250749
1.70347924635365
1.72571604635365
1.71960703536464
1.71325366393606
1.71221513206793
1.72302808151848
1.71227622217782
1.71459764635365
1.70463995844156
1.71600271888112
1.69981383976024
1.71594162877123
1.69627061338661
1.73530719360639
1.70537303976024
1.71233731228771
0.800811782617383
0.147880688111888
-1.14160935144855
-2.91438325034965
-3.76176416463537
-4.02048078001998
-4.58312069210789
-5.51462268771229
-6.89684751408591
-6.51839428331668
-5.0327439008991
0.363284415584416
-0.805063936063936
0.664641927672328
5.7267517034965
7.66129221338661
12.0476842837163
17.8485567584416
22.2758181122877
27.1556960903097
34.2916318265734
37.3150424551449
40.4472545694306
43.0170711320679
43.3621080727273
44.2628206529471
45.4981848551449
45.1558969694306
44.7638206441558
42.766296230969
40.63657281998
38.3936494353646
35.7934710881119
34.1836245122877
31.418869408991
29.2907343408591
27.662499641958
25.3355162661339
22.272335976024
19.6014763716284
17.6913108155844
17.0895121430569
15.9856749474525
13.9380566441558
12.200165198002
10.2168136903097
7.71181373426574
5.5192286001998
3.29805329470529
0.91071289030969
-0.809951144855145
-2.78780454265734
-4.67542784815185
-6.45363876683317
-7.79884298661339
-8.42892638001998
-9.14649081078921
-9.13744947452548
-6.71137794045954
-6.33384106133866
-5.86436356683317
-5.1816204987013
-5.01252307452547
-5.21216555364635
-4.6145820987013
-4.96432297782218
-4.155001201998
-3.88767088111888
-2.82342007672328
-3.04273357122877
3.28094806393606
-4.49496766353646
-8.89614354045954
-3.32179319320679
-7.07840732067932
-5.34967939100899
-5.8407216943057
-7.25410247672328
-5.8493353998002
-6.32687678881119
-6.35161828331668
-6.25986093826174
-6.19260072727273
-5.88733344815185
-5.24607056463536
-5.28162500859141
-4.75679987452548
-4.66742504375624
-4.41622251188811
-4.46350625694306
-4.30064002397602
-4.36472354925075
-4.94373561078921
-5.22811007232767
-5.12004166793207
-5.10000411188811
-4.99046954485515
-5.11252758441558
-5.28742856903097
-5.18546917562438
-5.50313774705295
-5.66117786133866
-6.1816655976024
-6.39615297342657
-6.30592288111888
-6.1872247976024
-6.07035941738262
-5.81182607232767
-5.38810507012987
-5.04471756243756
-4.87873573386613
-4.78416824375624
-4.74849161958042
-4.7406109954046
-4.72985913606394
-4.80218982617383
-4.91557307012987
-5.04257940859141
-5.21515896903097
-5.25663915364635
-5.2495527008991
-5.22988168551449
-5.15602374265734
-5.16915811628372
-5.18546917562438
-5.20953867892108
-5.22951514485514
-5.29268231848152
-5.26042674045954
-5.12492887672328
-5.061150801998
-4.96963781738262
-4.90042272287712
-4.8690834965035
-4.76999533826174
-4.73211947012987
-4.63663562837163
-4.58312069210789
-4.56235005474525
-4.51720446353646
-4.42337005474525
-4.32067758001998
-4.21322007672328
-4.06012826133866
-3.8857159976024
-3.78455077562438
-3.76023691188811
-3.8109417030969
-3.82468697782218
-3.77978574705295
-3.71839018661339
-3.63640725914086
-3.57269027452547
-3.53817436243756
-3.50426935144855
-3.50011522397602
-3.48325435364635
-3.47054761078921
-3.53652492947053
-3.62614412067932
-3.70299547892108
-3.78106863936064
-3.74062698661339
-3.71612985254745
-3.78235153166833
-3.8851050965035
-3.96519423056943
-4.02573452947053
-4.07894401518482
-4.07570623936064
-4.04277867012987
-4.04558881518482
-4.07576732947053
-4.10148626573427
-4.09965356243756
-4.08053235804196
-4.03752492067932
-3.95248748771229
-3.87972916683317
-3.83006290749251
-3.78241262177822
-3.67862052507493
-3.5762335008991
-3.53188208111888
-3.48380416463537
-3.38990866573427
-3.32655822177822
-3.23309035364635
-3.15831605914086
-3.04120631848152
-2.9665542041958
-2.92489074925075
-2.78389477562438
-2.68816657342657
-2.58944495584416
-2.43403171628372
-2.29853385254745
-2.17116097342657
-2.2327398041958
-2.21380187012987
-2.08893368551449
-2.0277213954046
-2.01110488551449
-1.975794801998
-1.94085125914086
-1.97383991848152
-1.96534839320679
-1.9054189954046
-1.89521694705295
-1.89747728111888
-1.87322450749251
-1.84188528111888
-1.85404221298701
-1.86057885474525
-1.8998597954046
-1.90114268771229
-1.90212012947053
-1.8991878041958
-1.88868030529471
-1.86729876683317
-1.81842667892108
-1.76668335584416
-1.71603965474525
-1.66301343936064
-1.63625597122877
-1.58494027892108
-1.54309355364635
-1.51236522837163
-1.48340851628372
-1.44754862177822
-1.41468214265734
-1.38761922397602
-1.34571140859141
-1.30013818661339
-1.24112514045954
-1.19127561078921
-1.136355601998
-1.06683505694306
-1.01063215584416
-0.963592771228771
-0.916614476723277
-0.872324147052947
-0.805858107492508
-0.741041500899101
-0.673353659140859
-0.610003215184815
-0.528386828371628
-0.447198072327672
-0.34578848991009
-0.263683382217782
-0.181272823976024
-0.108942133866134
-0.038383056943057
0.025517198001998
0.0706627892107892
0.118557435364635
0.168040424375624
0.211842033166833
0.268961285914086
0.302560846353646
0.348378428771229
0.403420617782218
0.448382938661339
0.505013470529471
0.554252099100899
0.60483471008991
0.663359035364635
0.723532793606394
0.759637048551449
0.808509136463537
0.860130279320679
0.906680943056943
0.946450604595405
0.989946762837163
1.02330196283716
1.0663094001998
1.11548693866134
1.14499346173826
1.19136085514486
1.22178372987013
1.26051485954046
1.30792078481519
1.34402503976024
1.38403906173826
1.42967337382617
1.45771373426573
1.50298150569431
1.53456509250749
1.57237987052947
1.62119086833167
1.6481926969031
1.67934865294705
1.70073019140859
1.71166532107892
1.73860605954046
1.76383627492508
1.78894431008991
1.80330048591409
1.82028353646354
1.84435303976024
1.86103063976024
1.87385956283716
1.88766592767233
1.90617623096903
1.92419781338661
1.93861507932068
1.94490736063936
1.93458313206793
1.92792431008991
1.91393467492508
1.91222415184815
1.90941400679321
1.90782566393606
1.90550423976024
1.89976176943057
1.89719598481519
1.89847887712288
1.87783041998002
1.87636425734266
1.86445168591409
1.84160398481519
1.8180232023976
1.80036816063936
1.79963507932068
1.78472909250749
1.759987598002
1.7420881958042
1.70635048151848
1.6982254969031
1.68515221338661
1.66651972987013
1.64703198481519
1.62320684195804
1.61227171228771
1.60720123316683
1.59895406833167
1.60084786173826
1.58581969470529
1.58441462217782
1.57720598921079
1.5549080991009
1.55625208151848
1.54708856503497
1.54940998921079
1.5493488991009
1.55600772107892
1.55722952327672
1.56089492987013
1.57800016063936
1.57018062657343
1.5586345958042
1.54470605074925
1.52417977382617
1.51501625734266
1.5054862001998
1.50090444195804
1.51019013866134
1.52314124195804
1.52253034085914
1.52362996283716
1.52454631448551
1.53603125514486
1.54922671888112
1.55496918921079
1.55338084635365
1.55875677602398
1.56077274965035
1.56682067052947
1.58319281998002
1.59205088591409
1.62852168151848
1.65472933866134
1.6587001958042
1.68142571668332
1.69462118041958
1.7149030969031
1.74135511448551
1.7408053034965
1.75882688591409
1.79926853866134
1.81606831888112
1.84777408591409
1.87508136503497
1.91570628811189
1.94973347932068
1.97771274965035
2.0070360023976
2.03562617382617
2.0552360991009
2.07203587932068
2.09366177822178
2.09989296943057
2.13251508811189
2.13911281998002
2.16171616063936
2.19983638921079
2.2244557034965
2.20918317602398
2.21914086393606
2.22408916283716
2.25793308371628
2.27558812547453
2.26361446393606
2.26239266173826
2.26123194965035
2.26764641118881
2.27717646833167
2.28707306613387
2.2967253034965
2.29806928591409
2.26642460899101
2.27705428811189
2.28352983976024
2.27094527712288
2.28285784855145
2.27497722437562
2.25243497382617
2.23887296943057
2.23404685074925
2.21504782657343
2.20747265294705
2.19488809030969
2.17821049030969
2.16996332547453
2.14247277602398
2.15188065294705
2.13129328591409
2.10673506173826
2.09463921998002
2.05908477602398
2.04112428371628
2.04759983536464
2.00312623536464
2.01558861778222
2.00990723756244
1.96024097822178
1.95321561558442
1.95437632767233
1.93653801558442
1.95706429250749
1.92908502217782
1.88998735184815
1.89731816503497
1.87819696063936
1.85962556723277
1.85669324195804
1.82138315844156
1.82663690789211
1.83622805514486
1.83897711008991
1.82346022217782
1.80519427932068
1.79994052987013
1.79920744855145
1.79480896063936
1.79572531228771
1.78381274085914
1.78179676723277
1.76634096943057
1.76151485074925
1.76438608591409
1.75033536063936
1.75644437162837
1.75815489470529
1.75216806393606
1.74605905294705
1.74062203316683
1.74483725074925
1.73335231008991
1.72150082877123
1.71899613426573
1.72596040679321
1.72211172987013
1.72651021778222
1.73090870569431
1.71123769030969
1.69859203756244
1.69737023536464
1.68924525074925
1.68820671888112
1.68777908811189
1.6920553958042
1.70268507492508
1.69895857822178
1.69737023536464
1.69596516283716
1.68099808591409
1.66786371228771
1.65967763756244
1.67317855184815
1.66468702657343
1.64849814745255
1.65204137382617
1.65320208591409
1.66694736063936
1.63621903536464
1.61471531668332
1.60811758481518
1.60481871888112
1.59510539140859
1.58264300899101
1.57378494305694
1.5771448991009
1.57005844635365
1.57457911448551
1.57506783536464
1.55643535184815
1.55081506173826
1.51544388811189
1.51153412107892
1.51275592327672
1.50444766833167
1.50383676723277
1.49772775624376
1.49546742217782
1.48550973426573
1.4783011012987
1.47921745294705
1.46883213426573
1.45850790569431
1.44738950569431
1.44622879360639
1.4406085034965
1.43969215184815
1.43822598921079
1.45074946173826
1.44457936063936
1.44855021778222
1.44470154085914
1.44024196283716
1.4233200023976
1.42851266173826
1.44519026173826
1.43981433206793
1.44347973866134
1.44769495624376
1.44280774745255
1.44690078481518
1.44531244195804
1.44647315404595
1.45294870569431
1.45472031888112
1.45685847272727
1.46388383536464
1.47042047712288
1.4721310001998
1.47371934305694
1.47200881998002
1.47903418261738
1.47365825294705
1.48856423976024
1.49791102657343
1.50536401998002
1.50108771228771
1.50823525514486
1.51452753646354
1.51049558921079
1.51544388811189
1.52576811668332
1.53120513646354
1.53505381338661
1.53034987492508
1.54330097822178
1.53651997602398
1.5283339012987
1.54843254745255
1.55533572987013
1.5437896991009
1.53664215624376
1.53810831888112
1.55270885514486
1.55472482877123
1.55570227052947
1.55350302657343
1.55802369470529
1.54550022217782
1.54928780899101
1.54403405954046
1.53853594965035
1.54183481558442
1.5412850045954
1.54953216943057
1.53688651668332
1.54757728591409
1.5406741034965
1.54574458261738
1.53749741778222
1.53077750569431
1.52992224415584
1.53542035404595
1.54568349250749
1.54776055624376
1.55069288151848
1.54189590569431
1.54183481558442
1.53896358041958
1.53792504855145
1.5326712991009
1.54073519360639
1.54299552767233
1.54739401558442
1.55997857822178
1.55643535184815
1.55496918921079
1.55435828811189
1.55142596283716
1.5641937958042
1.56938645514486
1.56987517602398
1.56798138261738
1.56425488591409
1.56914209470529
1.58056594525475
1.58258191888112
1.58178774745255
1.58789675844156
1.59797662657343
1.59803771668332
1.59980932987013
1.58985164195804
1.59571629250749
1.60402454745255
1.60500198921079
1.60995028811189
1.61532621778222
1.62418428371628
1.62259594085914
1.62888822217782
1.62180176943057
1.61923598481518
1.63328671008991
1.6222294001998
1.61648692987013
1.62919367272727
1.63414197162837
1.6283995012987
1.64061752327672
1.63847936943057
1.64715416503497
1.64642108371628
1.64831487712288
1.64611563316683
1.64214477602398
1.62882713206793
1.64055643316683
1.63310343976024
1.64287785734266
1.63310343976024
1.62986566393606
1.64904795844156
1.64684871448551
1.64593236283716
1.6456880023976
1.64513819140859
1.64648217382617
1.64959776943057
1.66340413426573
1.68283078921079
1.6907725034965
1.69767568591409
1.69773677602398
1.70641157162837
1.72143973866134
1.71869068371628
1.737750798002
1.75638328151848
1.76279774305694
1.7834462001998
1.80171214305694
1.82309368151848
1.8563267012987
1.88943754085914
1.90257191448551
1.91967714525475
1.93158971668332
1.9353773034965
1.94258593646354
1.94893930789211
1.95657557162837
1.97533023536464
1.98834242877123
1.98565446393606
1.97465824415584
1.97942327272727
1.99927755844156
2.00392040679321
1.99542888151848
2.00037718041958
2.00563092987013
2.0070360023976
2.0125952023976
2.01070140899101
2.01112903976024
2.01613842877123
2.01949838481519
2.01626060899101
2.01290065294705
2.01803222217782
2.02670701778222
2.01858203316683
2.03330474965035
2.03599271448551
2.01913184415584
2.03012806393606
2.04118537382617
2.03397674085914
2.02047582657343
2.03092223536464
2.03147204635365
2.03391565074925
2.03959703096903
2.0515096023976
2.05474737822178
2.05205941338661
2.037947598002
2.06122292987013
2.06189492107892
2.06134511008991
2.08468153206793
2.08064958481518
2.06769848151848
2.09152362437562
2.08993528151848
2.09579993206793
2.10502453866134
2.11223317162837
2.11626511888112
2.12298503096903
2.12610062657343
2.13220963756244
2.12915513206793
2.13135437602398
2.13844082877123
2.14644363316683
2.14442765954046
2.16354886393606
2.16739754085914
2.17179602877123
2.17167384855145
2.17649996723277
2.17698868811189
2.176927598002
2.17784394965035
2.18749618701299
2.1849304023976
2.18505258261738
2.19812586613387
2.18627438481518
2.19122268371628
2.18792381778222
2.1960488023976
2.19323865734266
2.1966597034965
2.20337961558442
2.20276871448551
2.20203563316683
2.20478468811189
2.21651398921079
2.215841998002
2.21651398921079
2.2127264023976
2.21370384415584
2.21266531228771
2.22366153206793
2.23215305734266
2.243637998002
2.24962482877123
2.24192747492507
2.23184760679321
2.23942278041958
2.22873201118881
2.23148106613387
2.23795661778222
2.23581846393606
2.24046131228771
2.23673481558442
2.24736449470529
2.24718122437562
2.25432876723277
2.25463421778222
2.25292369470529
2.2343523012987
2.2349632023976
2.23514647272727
2.22806001998002
2.23117561558442
2.23502429250749
2.23484102217782
2.23771225734266
2.24467652987013
2.25310696503497
2.23697917602398
2.23759007712288
2.24351581778222
2.23844533866134
2.24834193646354
2.25555056943057
2.2528626045954
2.25078554085914
2.26007123756244
2.26538607712288
2.25652801118881
2.2572000023976
2.24644814305694
2.24773103536464
2.24259946613387
2.25390113646354
2.24516525074925
2.23526865294705
2.24314927712288
2.2590937958042
2.25884943536464
2.26245375184815
2.26141521998002
2.26422536503497
2.25817744415584
2.24595942217782
2.23612391448551
2.23832315844156
2.24027804195804
2.25432876723277
2.25017463976024
2.24088894305694
2.24455434965035
2.24357690789211
2.23429121118881
2.23196978701299
2.21663616943057
2.20050838041958
2.21486455624376
2.22366153206793
2.23502429250749
2.24321036723277
2.24852520679321
2.25255715404595
2.25017463976024
2.23972823096903
2.23093125514486
2.22586077602398
2.22579968591409
2.22561641558442
2.24351581778222
2.25420658701299
2.24638705294705
2.24907501778222
2.24791430569431
2.22311172107892
2.20649521118881
2.20618976063936
2.2220120991009
2.21492564635365
2.2096718969031
2.19861458701299
2.19501027052947
2.18352532987013
2.18102063536464
2.17430072327672
2.17808831008991
2.17790503976024
2.17735522877123
2.17191820899101
2.16648118921079
2.15872274525475
2.15487406833167
2.15181956283716
2.14833742657343
2.14436656943057
2.14858178701299
2.13111001558442
2.12787223976024
2.12341266173826
2.12017488591409
2.10838449470529
2.10954520679321
2.11565421778222
2.10814013426573
2.10386382657343
2.08840802877123
2.07832816063936
2.06421634525475
2.05890150569431
2.04307916723277
2.0292728023976
2.01729914085914
2.02768445954046
2.02322488151848
2.0249354045954
2.02133108811189
2.00526438921079
2.00471457822178
1.99029731228771
1.97881237162837
1.98363849030969
1.9761854969031
1.97594113646354
1.96451728591409
1.9588969958042
1.949000398002
1.95077201118881
1.93580493426573
1.93103990569431
1.91949387492508
1.91026926833167
1.90049485074925
1.90128902217782
1.91362922437562
1.90025049030969
1.90794784415584
1.88913209030969
1.86677311008991
1.86768946173826
1.85547143976024
1.84991223976024
1.85504380899101
1.83940474085914
1.84129853426573
1.83415099140859
1.83586151448551
1.82718671888112
1.81875628371628
1.81484651668332
1.80806551448551
1.79835218701299
1.80275067492508
1.79352606833167
1.79151009470529
1.77379396283716
1.7686013034965
1.76157594085914
1.76090394965035
1.7420881958042
1.74306563756244
1.74434852987013
1.73701771668332
1.73316903976024
1.72498296503497
1.71545290789211
1.70451777822178
1.71044351888112
1.69963056943057
1.68704600679321
1.68301405954046
1.67427817382617
1.68667946613387
1.68209770789211
1.67385054305694
1.66462593646354
1.6512472023976
1.65130829250749
1.64183932547453
1.62827732107892
1.60836194525475
1.59192870569431
1.59278396723277
1.58001613426573
1.56834792327672
1.56816465294705
1.55191468371628
1.5382304991009
1.53493163316683
1.52961679360639
1.52100308811189
1.50469202877123
1.48068361558442
1.48288285954046
1.47628512767233
1.46449473646354
1.44036414305694
1.41745535184815
1.42038767712288
1.40242718481519
1.37689151888112
1.37353156283716
1.37982384415584
1.37053814745255
1.35025623096903
1.34420831008991
1.33217355844156
1.33828256943057
1.32282677162837
1.31445742657343
1.30663789250749
1.29558058261738
1.29515295184815
1.29900162877123
1.27957497382617
1.2862337958042
1.27945279360639
1.27725354965035
1.27896407272727
1.25935414745255
1.25385603756244
1.24817465734266
1.24255436723277
1.23638426613387
1.23888896063936
1.22361643316683
1.22514368591409
1.20803845514486
1.20425086833167
1.20278470569431
1.19129976503497
1.17957046393606
1.17462216503497
1.18781762877123
1.17975373426573
1.18024245514486
1.17230074085914
1.1713232991009
1.14810905734266
1.16228196283716
1.15873873646354
1.14529891228771
1.13008747492508
1.12342865294705
1.11744182217782
1.1181749034965
1.11340987492508
1.09789298701299
1.09477739140859
1.09233378701299
1.07956595404595
1.06850864415584
1.06960826613387
1.05598517162837
1.05048706173826
1.04419478041958
1.042850798002
1.031732398002
1.02476812547453
1.01841475404595
1.00534147052947
1.01004540899101
0.99953791008991
1.00350876723277
0.994711791408592
0.995017241958042
0.985548274925075
0.978339641958042
0.969298305694306
0.964594367232767
0.964166736463537
0.965510718881119
0.959035167232767
0.954331228771229
0.952254165034965
0.950238191408592
0.952193074925075
0.948283307892108
0.947489136463537
0.952193074925075
0.950665822177822
0.947733496903097
0.946145154045954
0.948222217782218
0.939241971628372
0.934293672727273
0.934476943056943
0.929650824375625
0.925007976023976
0.91602772987013
0.933743861738262
0.9273294001998
0.924763615584416
0.923602903496504
0.913156494705295
0.910773980419581
0.884383052947053
0.857381224375624
0.8383822001998
0.846323914485515
0.81571776943057
0.784195272727273
0.777597540859141
0.740332573826174
0.756949083716284
0.737216978221778
0.739355132067932
0.732940670529471
0.706061022177822
0.713636195804196
0.697997127672328
0.703434147452548
0.702701066133866
0.706610833166833
0.68810052987013
0.695675703496504
0.678875923276723
0.691582666133866
0.688405980419581
0.66561936943057
0.657188934265734
0.656639123276723
