0.153928608991009
0.150018841958042
0.145681444155844
0.158571457342657
0.152034815584416
0.151912635364635
0.149530121078921
0.147391967232767
0.156066762837163
0.155578041958042
0.157532925474525
0.152401356243756
0.162297954045954
0.156555483716284
0.152890077122877
0.153134437562438
0.1546006001998
0.154967140859141
0.159365628771229
0.158815817782218
0.159609989210789
0.166146630969031
0.162786674925075
0.164619378221778
0.160648521078921
0.162420134265734
0.173294173826174
0.159121268331668
0.170545118881119
0.167857154045954
0.171461470529471
0.160343070529471
0.162725584815185
0.172866543056943
0.172377822177822
0.168773505694306
0.171705830969031
0.166146630969031
0.175921048551449
0.176043228771229
0.175371237562438
0.175310147452547
0.173966165034965
0.17695958041958
0.174882516683317
0.173843984815185
0.181235888111888
0.179281004595405
0.179708635364635
0.180808257342657
0.183068591408591
0.190093954045954
0.18215223976024
0.181907879320679
0.187344899100899
0.187222718881119
0.178120292507493
0.184901294705295
0.180502806793207
0.190277224375624
0.183068591408591
0.187039448551449
0.192109927672328
0.188505611188811
0.19357609030969
0.190216134265734
0.19357609030969
0.194248081518482
0.196997136463536
0.190582674925075
0.195653154045954
0.195653154045954
0.194125901298701
0.199929461738262
0.202067615584416
0.202067615584416
0.205549751848152
0.196630595804196
0.206893734265734
0.201639984815185
0.204144679320679
0.203961408991009
0.201456714485514
0.208298806793207
0.205183211188811
0.208604257342657
0.208115536463536
0.21013151008991
0.208420987012987
0.213796916683317
0.212208573826174
0.214285637562438
0.217279052947053
0.216423791408591
0.221494270529471
0.219295026573427
0.219356116683317
0.209276248551449
0.228336362837163
0.231207598001998
0.223693514485515
0.228458543056943
0.2213110001998
0.22650365954046
0.235117365034965
0.227358921078921
0.237316608991009
0.232673760639361
0.238355140859141
0.234628644155844
0.237255518881119
0.236827888111888
0.246052494705295
0.242325998001998
0.238416230969031
0.24348671008991
0.244158701298701
0.246052494705295
0.240248934265734
0.244647422177822
0.248007378221778
0.247701927672328
0.24874045954046
0.249778991408591
0.250145532067932
0.257170894705295
0.253261127672328
0.253016767232767
0.252772406793207
0.253077857342657
0.25478838041958
0.257109804595405
0.253994208991009
0.267434033166833
0.258759237562438
0.264440617782218
0.267495123276723
0.264135167232767
0.267800573826174
0.272260151848152
0.276414279320679
0.267189672727273
0.272137971628372
0.273420863936064
0.272260151848152
0.279529874925075
0.283195281518482
0.270732899100899
0.281545848551449
0.278796793606394
0.28209565954046
0.286799598001998
0.286433057342657
0.285333435364635
0.2935806001998
0.283928362837163
0.295107852947053
0.291747896903097
0.295352213386613
0.298223448551449
0.292114437562438
0.300056151848152
0.301705584815185
0.301461224375624
0.303965918881119
0.302194305694306
0.297795817782218
0.305187721078921
0.306776063936064
0.309402938661339
0.312701804595405
0.312090903496504
0.302438666133866
0.312151993606394
0.307936776023976
0.316061760639361
0.313923606793207
0.316428301298701
0.324614376023976
0.315084318881119
0.318444274925075
0.322537312287712
0.331517558441559
0.322415132067932
0.316611571628372
0.32663034965035
0.336221496903097
0.328157602397602
0.33231172987013
0.332678270529471
0.339276002397602
0.332983721078921
0.341841787012987
0.33774874965035
0.346912266133866
0.33817638041958
0.342269417782218
0.344957382617383
0.356625593606394
0.350577672727273
0.352349285914086
0.350944213386613
0.348195158441558
0.34886714965035
0.345018472727273
0.360901901298701
0.3491726001998
0.356503413386613
0.357358674925075
0.363589866133866
0.35992445954046
0.363773136463536
0.364200767232767
0.362429154045954
0.36554474965035
0.370065417782218
0.37660205954046
0.370248688111888
0.378190402397602
0.375441347452548
0.374830446353646
0.375074806793207
0.378740213386613
0.376052248551449
0.373364283716284
0.379106754045954
0.372997743056943
0.38772045954046
0.394929092507493
0.381977989210789
0.388758991408591
0.392546578221778
0.386620837562438
0.392790938661339
0.395845444155844
0.396761795804196
0.392485488111888
0.395723263936064
0.396089804595405
0.398594499100899
0.402076635364635
0.397678147452547
0.408491096903097
0.409040907892108
0.403848248551449
0.417898973826174
0.408674367232767
0.411240151848152
0.409590718881119
0.423641444155844
0.416127360639361
0.413378305694306
0.422664002397602
0.409468538661339
0.418143334265734
0.425840688111888
0.430239176023976
0.42687921998002
0.430361356243756
0.431705338661339
0.424496705694306
0.430239176023976
0.433476951848152
0.439158332067932
0.432010789210789
0.442884828771229
0.43775325954046
0.435431835364635
0.443984450749251
0.437203448551449
0.444289901298701
0.447466587012987
0.445084072727273
0.451926165034965
0.450521092507493
0.445084072727273
0.453575598001998
0.456202472727273
0.44887165954046
0.456019202397602
0.453514507892108
0.453025787012987
0.457912995804196
0.4659158001998
0.463105655144855
0.468359404595405
0.460906411188811
0.475445857342657
0.462861294705295
0.470192107892108
0.478072732067932
0.470925189210789
0.477889461738262
0.478561452947053
0.474285145254745
0.481432688111888
0.479599984815185
0.479233444155844
0.475384767232767
0.477828371628372
0.481493778221778
0.491084925474526
0.487297338661339
0.490412934265734
0.48809151008991
0.492062367232767
0.495300143056943
0.500126261738262
0.491023835364635
0.497132846353646
0.503364037562438
0.492612178221778
0.505563281518482
0.503486217782218
0.502203325474526
0.504402569430569
0.508373426573427
0.506601813386613
0.510633760639361
0.509167598001998
0.513566085914086
0.516315140859141
0.512344283716284
0.512038833166833
0.520102727672328
0.51570423976024
0.520163817782218
0.519430736463537
0.527922261738262
0.524867756243756
0.519247466133866
0.530365866133866
0.536902507892108
0.528288802397602
0.537574499100899
0.526211738661339
0.530060415584416
0.5381854001998
0.539590472727273
0.53824649030969
0.540018103496504
0.538674121078921
0.548815079320679
0.547348916683317
0.546127114485515
0.545882754045954
0.552908116683317
0.547287826573427
0.545821663936064
0.55474081998002
0.557673145254745
0.560849830969031
0.556390252947053
0.556756793606394
0.568669365034965
0.57117405954046
0.570318798001998
0.572090411188811
0.569402446353646
0.574656195804196
0.566775571628372
0.575206006793207
0.57129623976024
0.575267096903097
0.580276485914086
0.581131747452548
0.577955061738262
0.581192837562438
0.579299044155844
0.588462560639361
0.584125162837163
0.586752037562438
0.587424028771229
0.588951281518482
0.597381716683317
0.599947501298701
0.599764230969031
0.598542428771229
0.601169303496504
0.601535844155844
0.596404274925075
0.606361962837163
0.603796178221778
0.614731307892108
0.608194666133866
0.612898604595405
0.608255756243756
0.618824345254745
0.620107237562438
0.613814956243756
0.620657048551449
0.626460608991009
0.622917382617383
0.628110041958042
0.625299896903097
0.628904213386614
0.63232525954046
0.620168327672328
0.626032978221778
0.635379765034965
0.640083703496504
0.641122235364635
0.632141989210789
0.64344365954046
0.647353426573427
0.638739721078921
0.646314894705295
0.657311114485515
0.651813004595405
0.655478411188811
0.655661681518482
0.659876899100899
0.665008468331668
0.665130648551449
0.664519747452547
0.665130648551449
0.671911650749251
0.673316723276723
0.675760327672328
0.675210516683317
0.67673776943057
0.68284678041958
0.683640951848152
0.678631562837163
0.678203932067932
0.685779105694306
0.687856169430569
0.690788494705295
0.696225514485515
0.695003712287712
0.691704846353646
0.697386226573427
0.70465594965035
0.703006516683317
0.706183202397602
0.702456705694306
0.714308187012987
0.708565716683317
0.716507430969031
0.711375861738262
0.723960424375624
0.718401224375624
0.725976398001998
0.725548767232767
0.722738622177822
0.724632415584416
0.730741426573427
0.729580714485515
0.730924696903097
0.733368301298701
0.735628635364636
0.739721672727273
0.734467923276723
0.742531817782218
0.745341962837163
0.747907747452548
0.747480116683317
0.75474983976024
0.75505529030969
0.76037012987013
0.761591932067932
0.760858850749251
0.761653022177822
0.761286481518482
0.764768617782218
0.772588151848152
0.775092846353647
0.779063703496504
0.767700943056943
0.772343791408592
0.781934938661339
0.786577787012987
0.783278921078921
0.78810503976024
0.792686798001998
0.795252582617383
0.789143571628372
0.794030780419581
0.803255387012987
0.80496591008991
0.798673628771229
0.808448046353646
0.809425488111888
0.809730938661339
0.812113452947053
0.807409514485515
0.813335255144855
0.820849338661339
0.822254411188811
0.822376591408592
0.828485602397602
0.833983712287712
0.833311721078921
0.833189540859141
0.841070165034965
0.842597417782218
0.836854947452548
0.840337083716284
0.844613391408591
0.847240266133866
0.850844582617383
0.855548521078921
0.858480846353647
0.864956398001998
0.870882138661339
0.860741180419581
0.866666921078921
0.869538156243756
0.875952617782218
0.879923474925075
0.873142472727273
0.883100160639361
0.884321962837163
0.89372983976024
0.890064433166833
0.887254288111888
0.900816292507493
0.898739228771229
0.901610463936064
0.903504257342657
0.90484823976024
0.914500477122877
0.918654604595405
0.910896160639361
0.916821901298701
0.921159299100899
0.925924327672328
0.926351958441559
0.931361347452548
0.932094428771229
0.936981637562438
0.9384478001998
0.941319035364635
0.945412072727273
0.941441215584416
0.948527668331668
0.952865066133866
0.955553030969031
0.960867870529471
0.959218437562438
0.964777637562438
0.97137536943057
0.971069918881119
0.973635703496504
0.977484380419581
0.98273812987013
0.985303914485515
0.989946762837163
0.990557663936064
0.987747518881119
1.00283677602398
1.00350876723277
1.00631891228771
1.003936398002
1.00790725514486
1.01652096063936
1.01303882437562
1.01572678921079
1.01371081558442
1.02452376503497
1.02965533426573
1.02757827052947
1.02782263096903
1.0385134001998
1.03814685954046
1.04059046393606
1.03924648151848
1.05097578261738
1.05787896503497
1.04895980899101
1.05775678481518
1.06368252547453
1.07528964635365
1.065087598002
1.06893627492508
1.07119660899101
1.07871069250749
1.0885462001998
1.08494188371628
1.09062326393606
1.09685445514486
1.09392212987013
1.098442798002
1.09606028371628
1.10693432327672
1.11279897382617
1.11133281118881
1.11524257822178
1.11505930789211
1.11982433646354
1.12739951008991
1.1354634045954
1.13033183536464
1.14358838921079
1.14322184855145
1.14303857822178
1.14639853426573
1.15275190569431
1.14884213866134
1.1564784023976
1.16215978261738
1.16099907052947
1.17260619140859
1.17126220899101
1.16955168591409
1.18054790569431
1.18299151008991
1.18726781778222
1.18635146613387
1.18873398041958
1.19820294745255
1.19435427052947
1.19068886393606
1.20742755404595
1.21078751008991
1.21689652107892
1.21750742217782
1.21958448591409
1.22496041558442
1.22599894745255
1.22899236283716
1.23974422217782
1.23846132987013
1.24145474525475
1.23937768151848
1.24945754965035
1.25440584855145
1.26094249030969
1.26259192327672
1.26356936503497
1.26784567272727
1.26601296943057
1.27114453866134
1.27279397162837
1.28201857822178
1.2855618045954
1.28238511888112
1.28507308371628
1.2991848991009
1.2966802045954
1.30376665734266
1.30138414305694
1.29814636723277
1.30211722437562
1.31482396723277
1.31745084195804
1.31800065294705
1.32655326833167
1.33296772987013
1.33040194525475
1.33058521558442
1.33999309250749
1.34555229250749
1.35098931228771
1.35178348371628
1.35361618701299
1.35489907932068
1.36180226173826
1.36241316283716
1.3665062001998
1.37457009470529
1.37194321998002
1.37188212987013
1.38177872767233
1.38293943976024
1.38275616943057
1.39808978701299
1.39949485954046
1.39876177822178
1.40242718481519
1.40578714085914
1.40077775184815
1.40798638481519
1.41128525074925
1.41953241558442
1.42105966833167
1.42050985734266
1.41953241558442
1.4338275012987
1.43853143976024
1.43627110569431
1.44910002877123
1.44225793646354
1.4530097958042
1.45245998481518
1.46681616063936
1.46009624855145
1.46956521558442
1.47518550569431
1.47536877602398
1.48544864415584
1.48410466173826
1.48373812107892
1.48471556283716
1.49516197162837
1.49516197162837
1.49687249470529
1.50310368591409
1.51092321998002
1.51281701338661
1.51489407712288
1.51953692547453
1.52753972987013
1.53438182217782
1.53468727272727
1.53847485954046
1.53774177822178
1.54855472767233
1.55209795404595
1.55331975624376
1.5604672991009
1.55845132547453
1.57213551008991
1.5690810045954
1.57995504415584
1.58038267492508
1.59247851668332
1.5962661034965
1.60035914085914
1.60787322437562
1.62400101338661
1.62589480679321
1.64257240679321
1.65393516723277
1.67543888591409
1.68857325954046
1.71203186173826
1.72455533426573
1.74862483756244
1.76634096943057
1.78008624415584
1.79670275404595
1.79914635844156
1.81112001998002
1.82364349250749
1.82993577382617
1.84038218261738
1.85681542217782
1.86243571228771
1.88705502657343
1.88962081118881
1.89908977822178
1.90361044635365
1.91613391888112
1.92224292987013
1.91259069250749
1.91912733426573
1.9273744991009
1.93213952767233
1.93501076283716
1.93061227492508
1.94728987492508
1.95064983096903
1.95969116723277
1.96744961118881
1.96799942217782
1.96677761998002
1.96622780899101
1.96897686393606
1.96744961118881
1.98070616503497
1.97759056943057
1.97978981338661
1.98198905734266
1.97783492987013
1.9736808023976
1.9866929958042
1.97783492987013
1.98095052547453
1.99066385294705
1.98638754525475
1.99830011668332
1.99878883756244
2.01106794965035
2.0119843012987
2.01858203316683
2.02084236723277
2.0280510001998
2.02328597162837
2.03373238041958
2.03904721998002
2.04998234965035
2.05480846833167
2.06354435404595
2.07301332107892
2.06433852547453
2.06562141778222
2.06892028371628
2.07246351008991
2.07331877162837
2.06806502217782
2.06989772547453
2.06934791448551
2.07240241998002
2.08003868371628
2.08144375624376
2.09243997602398
2.09396722877123
2.09195125514486
2.08938547052947
2.08352081998002
2.08358191008991
2.08376518041958
2.08926329030969
2.09579993206793
2.09653301338661
2.10667397162837
2.10826231448551
2.11852545294705
2.12182431888112
2.12225194965035
2.12536754525475
2.12231303976024
2.11571530789211
2.11852545294705
2.11724256063936
2.11791455184815
2.1219464991009
2.14192296503496
2.13795210789211
2.13373689030969
2.14644363316683
2.15536278921079
2.15511842877123
2.15200283316683
2.14607709250749
2.1485206969031
2.14558837162837
2.14619927272727
2.1404568023976
2.13721902657343
2.1386240991009
2.14082334305694
2.14589382217782
2.15957800679321
2.16385431448551
2.15768421338661
2.15756203316683
2.14803197602398
2.15188065294705
2.15285809470529
2.15353008591409
2.1509643012987
2.15933364635365
2.15921146613387
2.16202161118881
2.16067762877123
2.16495393646354
2.16965787492508
2.17277347052947
2.17454508371628
2.18254788811189
2.18144826613387
2.1682528023976
2.17301783096903
2.16849716283716
2.17619451668332
2.18004319360639
2.18083736503497
2.19250557602398
2.19091723316683
2.19403282877123
2.19849240679321
2.19702624415584
2.18835144855145
2.19458263976024
2.18438059140859
2.17894357162837
2.18034864415584
2.18920671008991
2.18902343976024
2.19433827932068
2.19928657822178
2.1985534969031
2.19195576503497
2.19220012547453
2.19745387492507
2.18969543096903
2.19439936943057
2.18535803316683
2.1750338045954
2.17759958921079
2.1849304023976
2.20026401998002
2.19672079360639
2.20124146173826
2.20026401998002
2.19635425294705
2.19647643316683
2.19366628811189
2.19287211668332
2.19317756723277
2.19146704415584
2.17821049030969
2.17613342657343
2.17704977822178
2.18065409470529
2.18877907932068
2.1849304023976
2.1892678001998
2.19287211668332
2.19378846833167
2.19922548811189
2.20588431008991
2.20521231888112
2.19183358481518
2.18871798921079
2.1861522045954
2.18541912327672
2.19024524195804
2.18932889030969
2.18114281558442
2.17943229250749
2.17436181338661
2.18291442877123
2.1979425958042
2.2003862001998
2.19867567712288
2.19849240679321
2.19910330789211
2.18254788811189
2.16782517162837
2.16324341338661
2.16617573866134
2.17240692987013
2.19036742217782
2.19678188371628
2.19391064855145
2.19824804635365
2.18633547492508
2.18859580899101
2.18346423976024
2.18505258261738
2.18358641998002
2.1738120023976
2.1775384991009
2.16153289030969
2.16654227932068
2.16721427052947
2.17558361558442
2.18884016943057
2.19476591008991
2.18694637602398
2.18273115844156
2.18132608591409
2.17301783096903
2.17478944415584
2.17466726393606
2.16874152327672
2.17552252547453
2.17540034525475
2.18132608591409
2.18957325074925
2.18920671008991
2.18346423976024
2.17869921118881
2.17094076723277
2.16477066613387
2.1688637034965
2.17008550569431
2.17821049030969
2.19458263976024
2.19843131668332
2.20289089470529
2.19183358481518
2.1985534969031
2.19079505294705
2.19580444195804
2.19427718921079
2.18230352767233
2.17362873206793
2.1738120023976
2.17906575184815
2.18425841118881
2.10630743096903
1.50597492107892
0.618641074925075
-0.536328542657343
-1.22792967672328
-1.52189528551449
-1.36910892067932
-0.505905667932068
0.455530481518482
1.50621928151848
2.49661214305694
3.27172345734266
3.60484782657343
3.41827863096903
2.82087844635365
2.03196076723277
1.1947819012987
0.548387448551449
0.260836301298701
0.383444151848152
0.812296723276723
1.37780787052947
2.00673055184815
2.6556296991009
3.18967943976024
3.43312352767233
3.39799671448551
3.08973601998002
2.61867018261738
2.14729889470529
1.83402881118881
1.70042474085914
1.71203186173826
1.84056545294705
2.02908953206793
2.23392467052947
2.3739432023976
2.42177675844156
2.32873652107892
2.09903770789211
1.8130749034965
1.53181603756244
1.27352705294705
1.10204711448551
1.02415722437562
1.0230576023976
1.13173690789211
1.34420831008991
1.6086673958042
1.86060300899101
2.03745887712288
2.10325292547453
2.06458288591409
1.96182932107892
1.84905697822178
1.76450826613387
1.72644912767233
1.73830060899101
1.77000637602398
1.82071116723277
1.8915146045954
1.96879359360639
2.03861958921079
2.10392491668332
2.10612416063936
2.08663641558442
2.02212525954046
1.9582250045954
1.90727585294705
1.8909037034965
1.90324390569431
1.92670250789211
1.97575786613387
2.01009050789211
2.03965812107892
2.05236486393606
2.04515623096903
2.02438559360639
1.97343644195804
1.90092248151848
1.83488407272727
1.77587102657343
1.74880810789211
1.7346352023976
1.73420757162837
1.7525346045954
1.76237011228771
1.77055618701299
1.79541986173826
1.80494991888112
1.79425914965035
1.7834462001998
1.77116708811189
1.77238889030969
1.78399601118881
1.80592736063936
1.8365945958042
1.85131731228771
1.87636425734266
1.87208794965035
1.87636425734266
1.86445168591409
1.84313123756244
1.81643485954046
1.78827231888112
1.76585224855145
1.75485602877123
1.75784944415584
1.75412294745255
1.74043876283716
1.72492187492508
1.71581944855145
1.6963317034965
1.67128475844156
1.64611563316683
1.61520403756244
1.59406685954046
1.57537328591409
1.54886017822178
1.54806600679321
1.54360642877123
1.54281225734266
1.55014307052947
1.55777933426573
1.55875677602398
1.55026525074925
1.5517925034965
1.53651997602398
1.54042974305694
1.53248802877123
1.53377092107892
1.53438182217782
1.56175019140859
1.54097955404595
1.53138840679321
1.51330573426573
1.50292041558442
1.45734719360639
1.6963317034965
1.56639303976024
-1.37931096903097
-4.12586121958042
-6.07811786133866
-5.3761924987013
-7.6480725954046
-9.95318571188811
-13.6020368855145
-17.3763060547453
-22.5339607624376
-25.3847918305694
-28.0127661778222
-27.6385281646354
-28.705528023976
-26.2281407976024
-28.3829111536464
-8.19281310529471
-16.2391747492508
-15.0465125338661
-9.32059762397602
-6.18490337342657
-1.4903116987013
2.82906452107892
7.09669741778222
10.8133586133866
6.97427283756244
4.87698827492508
13.2518314397602
5.56577926393607
-5.17984888551449
-7.44287091628372
-15.7673147404595
-21.1529577382617
-26.3178210789211
-28.0067182569431
-31.3791366833167
-34.5442763668332
-34.5280263976024
-38.4338225734266
-39.0544369998002
-39.5797508547453
-38.8919983976024
-37.4532652195804
-36.6389340547453
-35.8558810261738
-34.6406765602398
-33.1327893778222
-31.7727402613387
-29.9726590833167
-27.6196513206793
-25.3291387404595
-23.8531405954046
-20.8767082613387
-16.3730842701299
-12.600525623976
-9.191636401998
-7.21164485034965
-5.98788776903097
-4.91520652947053
-3.44214070969031
-2.68211865254745
-2.20201147892108
-2.18362335584416
-2.09137728991009
-2.03712927232767
-1.58200795364635
-1.22762422617383
-0.716544366833167
-0.627169536063936
0.544599861738262
2.37229376943057
5.82541223096903
3.50227753206793
2.30069616063936
3.00103318041958
4.84167819140859
6.42592801118881
11.4123471408591
9.09416074085914
5.38605216063936
5.94679827932068
5.27700631448552
6.12676974305694
6.0090491012987
6.21932125954046
5.41910191008991
4.94039980899101
4.14170771228771
3.59342397602398
2.5889192991009
1.89444692987013
-1.12939132947053
-2.681813201998
-1.1635407008991
0.325347457342657
1.72052338701299
1.8408709034965
1.39833414745255
0.0558178925074925
-1.18834328551449
-0.746845061338661
-0.349209536063936
-0.613485351448552
-0.430948103096903
-0.16771081958042
0.0847746045954046
0.242814718881119
0.191071395804196
0.0478150881118881
0.0562455232767233
0.042744608991009
0.13205834965035
0.608744477122877
1.50744108371628
2.25329023536464
2.53173895624376
2.40943655624376
1.99353508811189
1.69254411668332
1.62174067932068
1.73872823976024
1.93311696943057
2.12530645514486
2.20331852547453
2.32568201558442
2.40271664415584
2.81305891228771
2.97873529030969
2.75575638921079
2.79442642877123
3.13439289030969
3.36684075844156
3.2201634045954
3.05473138701299
2.94727388371628
2.99083113206793
2.83700623536464
2.76809659140859
1.86726183096903
0.322170771628372
-0.451168929470529
-0.61287445034965
-0.570355733866134
-0.433391707492508
-0.0762589250749251
0.435676195804196
1.09160070569431
1.72534950569431
2.33435681118881
2.48549374305694
2.44248630569431
2.29806928591409
1.90220537382617
1.50786871448551
1.04505004195804
0.388636811188811
-0.183472067932068
-0.595524859140859
-0.905068445954046
-1.13837157562438
-1.42115769430569
-1.67095515364635
-1.91995844155844
-2.22064396243756
-2.54497135584416
-2.74259786133866
-2.95366419100899
-3.3248476987013
-3.08390830529471
-2.46720364595405
-1.6663733954046
-0.665228674525475
0.480821787012987
1.70054692107892
2.81073748811189
3.60851323316683
4.26138323756244
4.83318666613387
5.22972256943057
5.53291278481519
5.6551540947053
5.63603289030969
5.52985827932068
5.35153624855145
5.09465233646354
4.73092182217782
4.3104385958042
3.92276075844156
3.61285063096903
3.2819865958042
2.91685100899101
2.59521158041958
2.32360495184815
2.05975676723277
1.81600722877123
1.64037316283716
1.53878031008991
1.55374738701299
1.56529341778222
1.57702271888112
1.58557533426573
1.60414672767233
1.59015709250749
1.59315050789211
1.60487980899101
1.6728731012987
1.82810307052947
1.98229450789211
2.1583562045954
2.29214354525475
2.34089345294705
2.39648545294705
2.43271188811189
2.42861885074925
2.44334156723277
2.45470432767233
2.46484528591409
2.48421085074925
2.47492515404595
2.36923926393606
2.23074798481519
2.20637303096903
2.24021695184815
2.25652801118881
2.35225621338661
2.47150410789211
2.70541813866134
2.90060103976024
2.95680394085914
2.93597221338661
2.90799294305694
2.95759811228771
2.98069017382617
2.87928059140859
2.77622157602398
2.77316707052947
2.73975078041958
2.58409318041958
2.34242070569431
2.2226230001998
2.23722353646354
2.23575737382617
2.14729889470529
1.94594589250749
1.70421232767233
1.61007246833167
1.66957423536464
1.70152436283716
1.62943803316683
1.54568349250749
1.49259618701299
1.59406685954046
1.72559386613387
1.76835694305694
1.77800918041958
1.78851667932068
1.77000637602398
1.76163703096903
1.72040120679321
1.70097455184815
1.70457886833167
1.70549521998002
1.70531194965035
1.72003466613387
1.74263800679321
1.74563142217782
1.72125646833167
1.73518501338661
1.74801393646354
1.71093223976024
1.6772104991009
1.65271336503497
1.65485151888112
1.64739852547453
1.64654326393606
1.57800016063936
1.55393065734266
1.56150583096903
1.56956972547453
1.59278396723277
1.58545315404595
1.5740293034965
1.58447571228771
1.57952741338661
1.51159521118881
1.46522781778222
1.47054265734266
1.47799565074925
1.43712636723277
1.5023706045954
1.60671251228771
1.65546241998002
1.64709307492508
1.55197577382617
1.50713563316683
1.51868166393606
1.5048752991009
1.50456984855145
1.46571653866134
1.37066032767233
1.3424366969031
1.22624330789211
1.14957521998002
1.12843804195804
1.13625757602398
1.13784591888112
1.17187311008991
1.20437304855145
1.22825928151848
1.29551949250749
1.28666142657343
1.23595663536464
1.23522355404595
1.19753095624376
1.15556205074925
1.14731488591409
1.15934963756244
1.20119636283716
1.23326867052947
1.26784567272727
1.31128074085914
1.35758704415584
1.30883713646354
1.35770922437562
1.41391212547453
1.16832988371628
0.863734595804196
0.802522305694306
0.270121998001998
-0.182372445954046
-0.7571081998002
-0.791563021778222
0.66018234965035
1.98015635404595
2.6463440023976
2.61860909250749
2.40540460899101
2.27650447712288
2.26642460899101
2.50424840679321
2.5537313958042
2.52617975624376
2.06769848151848
1.34854570789211
0.236950068331668
-1.04765276243756
-2.18392880639361
-2.87797354485515
-3.13161968111888
-3.22887513606394
-3.35258260859141
-3.76109217342657
-4.40663136463536
-5.4342281030969
-6.51136892067932
-6.84962485914086
-7.10718076243756
-7.47311052067932
-7.72467959320679
-7.91784652067932
-8.28579225254745
-8.71421719320679
-9.02669310529471
-9.21613353606394
-9.15919755364635
-8.93627974265734
-8.69430181738262
-8.61030291628372
-8.38182590529471
-8.11712245914086
-7.87929866133866
-7.63915343936064
-7.39693115364635
-7.15006601958042
-6.89458718001998
-6.48338965034965
-5.92062755804196
-5.51773828331668
-5.19078401518482
-4.74116080639361
-4.28689474925075
-3.68094194925075
-2.90845750969031
-2.20164493826174
-1.60387821298701
-1.07190553606394
-0.592897984415585
-0.252870432767233
-0.0151077250749251
0.132913611188811
0.24360889030969
0.297429277122877
0.291747896903097
0.224670956243756
0.0956486441558442
0.00211968591408591
-0.0656903360639361
-0.0721658877122877
-0.0138248327672328
0.0759165386613387
0.178425743056943
0.302866296903097
0.428895193606394
0.56561485954046
0.696897505694306
0.796779835364635
0.797574006793207
0.734040292507493
0.716935061738262
0.823415123276723
0.869782516683317
0.822376591408592
0.750901162837163
0.647292336463537
0.594510481518482
0.564759598001998
0.549487070529471
0.552908116683317
0.589806543056943
0.620290507892108
0.64350474965035
0.668246244155844
0.672583641958042
0.722921892507493
0.784928354045954
0.855609611188811
0.9106518001998
0.942052116683317
0.979194903496504
0.98298249030969
1.0119392023976
1.04767691668332
1.09477739140859
1.15684494305694
1.23522355404595
1.326369998002
1.41275141338661
1.50212624415584
1.58997382217782
1.6728731012987
1.74929682877123
1.80837096503497
1.85125622217782
1.87184358921079
1.87758605954046
1.8637186045954
1.84795735624376
1.82321586173826
1.83696113646354
1.81826756283716
1.76194248151848
1.76340864415584
1.79279298701299
1.81808429250749
1.85119513206793
1.84270360679321
1.8062939012987
1.78020842437562
1.76768495184815
1.76505807712288
1.76890675404595
1.75088517162837
1.70421232767233
1.66199906173826
1.62711660899101
1.58459789250749
1.5505707012987
1.49662813426573
1.46302857382617
1.41611136943057
1.37249303096903
1.31567922877123
1.2547112991009
1.18714563756244
1.08494188371628
0.959646068331668
0.807837145254745
0.684190762837163
0.596526455144855
0.563537795804196
0.58229245954046
0.625177716683317
0.66574154965035
0.660854340859141
0.648025417782218
0.624994446353646
0.594571571628372
0.542217347452547
0.430605716683317
0.305309901298701
0.178609013386613
0.0784823232767233
-0.0102816063936064
-0.0718604371628372
-0.118227830569431
-0.171987127272727
-0.226112964635365
-0.280727522877123
-0.355562907492508
-0.428382318481519
-0.504072964635365
-0.579885791008991
-0.656126248151848
-0.709335733866134
-0.748494494305694
-0.763583751448552
-0.777512296503497
-0.782888226173826
-0.789302687712288
-0.795350608591409
-0.806774459140859
-0.831027232767233
-0.843611795404596
-0.871529975624376
-0.894438766833167
-0.911360727272727
-0.924861641558442
-0.921318415184815
-0.919974432767233
-0.917530828371628
-0.914781773426574
-0.89590492947053
-0.888085395404596
-0.882342925074925
-0.873118318481519
-0.853813843756244
-0.844894687712288
-0.832432305294705
-0.816793237162837
-0.78502638001998
-0.763156120679321
-0.748066863536464
-0.719049061338661
-0.709824454745255
-0.694551927272727
-0.671704226173826
-0.661502177822178
-0.639815188811189
-0.613057720679321
-0.585933711888112
-0.553494863536464
-0.519162221778222
-0.471878476723277
-0.442555223976024
-0.407245140459541
-0.371201975624376
-0.326361834965035
-0.288424876723277
-0.257268920679321
-0.215544375624376
-0.175224903096903
-0.125803004195804
-0.0725935184815185
-0.021705456943057
0.0350472551448551
0.0924719584415584
0.15991543976024
0.224487685914086
0.280140776023976
0.34324685954046
0.397189426573427
0.460600960639361
0.522363061738262
0.585713505694306
0.634524503496504
0.686695457342657
0.738927501298701
0.776742279320679
0.825736547452548
0.847362446353646
0.885665945254745
0.904542789210789
0.929162103496504
0.961112230969031
0.97705674965035
1.00650218261738
1.01212247272727
1.03545889470529
1.04767691668332
1.06734793206793
1.07571727712288
1.08396444195804
1.09813734745255
1.09777080679321
1.1101720991009
1.11841926393606
1.11340987492508
1.12171812987013
1.12086286833167
1.11823599360639
1.11707528151848
1.10229147492507
1.09379994965035
1.08488079360639
1.06582067932068
1.0520754045954
1.03283201998002
1.00613564195804
0.990618754045954
0.963311474925075
0.941441215584416
0.922747641958042
0.898433778221778
0.880473285914086
0.857442314485515
0.845163202397603
0.830684846353646
0.812418903496504
0.790304283716284
0.77161071008991
0.736239536463537
0.709665338661339
0.675577057342657
0.646253804595405
0.607950305694306
0.573312213386613
0.534703263936064
0.500859343056943
0.467137602397602
0.444473171628372
0.413683756243756
0.388453540859141
0.355892512287712
0.336038226573427
0.323820204595405
0.307692415584416
0.293824960639361
0.281790208991009
0.267250762837163
0.253016767232767
0.256498903496504
0.254177479320679
0.257476345254745
0.253872028771229
0.258270516683317
0.260836301298701
0.252589136463536
0.248557189210789
0.244891782617383
0.229680345254745
0.231146507892108
0.229008354045954
0.239882393606394
0.244036521078921
0.240187844155844
0.244341971628372
0.257354165034965
0.264012987012987
0.272260151848152
0.274276125474526
0.279652055144855
0.286860688111888
0.299933971628372
0.297979088111888
0.296085294705295
0.295657663936064
0.305676441958042
0.31007492987013
0.321682050749251
0.312151993606394
0.30451572987013
0.301216863936064
0.300605962837163
0.296085294705295
0.307814595804196
0.3158174001998
0.321743140859141
0.329990305694306
0.339398182617383
0.328585233166833
0.344468661738262
0.358458296903097
0.366583281518482
0.378007132067932
0.400182841958042
0.388270270529471
0.399755211188811
0.394318191408591
0.39883885954046
0.389614252947053
0.391874587012987
0.39902212987013
0.410995791408591
0.422480732067932
0.423091633166833
0.430666806793207
0.442640468331668
0.457057734265734
0.472635712287712
0.489191132067932
0.495116872727273
0.512283193606394
0.519247466133866
0.528044441958042
0.541300995804196
0.553030296903097
0.574778376023976
0.581498288111888
0.596037734265734
0.612226613386613
0.620534868331668
0.62670496943057
0.62682714965035
0.650835562837163
0.651568644155844
0.662564863936064
0.668062973826174
0.69353754965035
0.708687896903097
0.724082604595405
0.732329769430569
0.741798736463537
0.763913356243756
0.77161071008991
0.775031756243756
0.779124793606394
0.780835316683317
0.783584371628372
0.785111624375624
0.78260692987013
0.786394516683317
0.795924573826174
0.798979079320679
0.804477189210789
0.790731914485515
0.783278921078921
0.786027976023976
0.780163325474526
0.776192468331668
0.772465971628372
0.759881408991009
0.761775202397603
0.752184055144855
0.753283677122877
0.74931281998002
0.746502674925075
0.739904943056943
0.733857022177822
0.72127245954046
0.717729233166833
0.69915783976024
0.690971765034965
0.67692103976024
0.667390982617383
0.656516943056943
0.645337452947053
0.624139184815185
0.612715334265734
0.606117602397602
0.58791274965035
0.582964450749251
0.567081022177822
0.55480191008991
0.545760573826174
0.545577303496504
0.534275633166833
0.53232074965035
0.5326262001998
0.534642173826174
0.527189180419581
0.518453294705295
0.503547307892108
0.500065171628372
0.484120652947053
0.48265449030969
0.470008837562438
0.467565233166833
0.467748503496504
0.458279536463536
0.445511703496503
0.434026762837163
0.414355747452547
0.407208204595405
0.397617057342657
0.3880870001998
0.381733628771229
0.379962015584416
0.384055052947053
0.386865198001998
0.397311606793207
0.403726068331668
0.42125892987013
0.438425250749251
0.444228811188811
0.447588767232767
0.451254173826174
0.454186499100899
0.462616934265734
0.470192107892108
0.483509751848152
0.496155404595405
0.509167598001998
0.525112116683317
0.528960793606394
0.529082973826174
0.533053830969031
0.528960793606394
0.52694481998002
0.521752160639361
0.514421347452548
0.506540723276723
0.500798252947053
0.501592424375624
0.497621567232767
0.492612178221778
0.490901655144855
0.490229663936064
0.4992710001998
0.49920991008991
0.51008394965035
0.517109312287712
0.52126343976024
0.517964573826174
0.534397813386613
0.538857391408591
0.545149672727273
0.560666560639361
0.580887387012987
0.597992617782218
0.607950305694306
0.628904213386614
0.62126794965035
0.625971888111888
0.629515114485515
0.633730332067932
0.636540477122877
0.636418296903097
0.640328063936064
0.630431466133866
0.63794554965035
0.640755694705295
0.629942745254745
0.628537672727273
0.613509505694306
0.625605347452548
0.624811176023976
0.622428661738262
0.618641074925075
0.613387325474526
0.614609127672328
0.608133576023976
0.606484143056943
0.61027172987013
0.609660828771229
0.597931527672328
0.605262340859141
0.594327211188811
0.58247572987013
0.588401470529471
0.566103580419581
0.545149672727273
0.529388424375624
0.505685461738262
0.484059562837163
0.473429883716284
0.469275756243756
0.466282340859141
0.464449637562438
0.472941162837163
0.473368793606394
0.472146991408591
0.475934578221778
0.473918604595405
0.478256002397602
0.483998472727273
0.486442077122877
0.470986279320679
0.467870683716284
0.467931773826174
0.475018226573427
0.471719360639361
0.474712776023976
0.47672874965035
0.474957136463537
0.484365013386613
0.489679852947053
0.487114068331668
0.505013470529471
0.517170402397602
0.543194789210789
0.571051879320679
0.584552793606394
0.610577180419581
0.625605347452548
0.650530112287712
0.64344365954046
0.646925795804196
