-0.493137834965035
-0.492893474525475
-0.494115276723277
-0.493687645954046
-0.500163197602398
-0.50132390969031
-0.504806045954046
-0.511648138261738
-0.508227092107892
-0.509754344855145
-0.510059795404595
-0.517757149250749
-0.518734591008991
-0.524049430569431
-0.520384023976024
-0.520078573426573
-0.516168806393606
-0.516718617382617
-0.516168806393606
-0.504378415184815
-0.499002485514486
-0.510548516283716
-0.511098327272727
-0.503034432767233
-0.512014678921079
-0.505478037162837
-0.503767514085914
-0.505478037162837
-0.50676092947053
-0.508899083316683
-0.503706423976024
-0.510304155844156
-0.511892498701299
-0.510976147052947
-0.509693254745255
-0.511525958041958
-0.512075769030969
-0.513419751448551
-0.510792876723277
-0.515741175624376
-0.51232012947053
-0.513786292107892
-0.510426336063936
-0.508776903096903
-0.504378415184815
-0.508288182217782
-0.515008094305694
-0.507616191008991
-0.511220507492507
-0.502912252547453
-0.507371830569431
-0.50676092947053
-0.505111496503497
-0.50700528991009
-0.509326714085914
-0.509021263536464
-0.503339883316683
-0.500774098701299
-0.508960173426573
-0.507494010789211
-0.503400973426573
-0.503767514085914
-0.506577659140859
-0.504317325074925
-0.495581439360639
-0.500957369030969
-0.500163197602398
-0.505478037162837
-0.502851162437562
-0.494115276723277
-0.505111496503497
-0.505783487712288
-0.499430116283716
-0.499796656943057
-0.497902863536464
-0.499002485514486
-0.498513764635365
-0.498452674525475
-0.491121861338661
-0.493321105294705
-0.48495176023976
-0.496436700899101
-0.4958257998002
-0.49032768991009
-0.491121861338661
-0.487822995404595
-0.487151004195804
-0.479698010789211
-0.478537298701299
-0.475971514085914
-0.47395554045954
-0.483913228371628
-0.486601193206793
-0.480492182217782
-0.47395554045954
-0.479881281118881
-0.476338054745255
-0.480186731668332
-0.480125641558442
-0.476093694305694
-0.483546687712288
-0.476399144855145
-0.489166977822178
-0.48495176023976
-0.491121861338661
-0.486356832767233
-0.46784652947053
-0.477254406393606
-0.474688621778222
-0.476582415184815
-0.473100278921079
-0.475238432767233
-0.470962125074925
-0.469251601998002
-0.470106863536464
-0.467785439360639
-0.476765685514486
-0.469373782217782
-0.463875672327672
-0.467235628371628
-0.471817386613387
-0.467663259140859
-0.463509131668332
-0.474994072327672
-0.465647285514486
-0.467235628371628
-0.465341834965035
-0.468579610789211
-0.469190511888112
-0.455261966833167
-0.465036384415584
-0.465464015184815
-0.458805193206793
-0.463142591008991
-0.45672812947053
-0.46240950969031
-0.459538274525475
-0.455506327272727
-0.451107839360639
-0.448175514085914
-0.450741298701299
-0.453795804195804
-0.458438652547453
-0.447686793206793
-0.447808973426573
-0.449458406393606
-0.446220630569431
-0.443532665734266
-0.442799584415584
-0.442371953646354
-0.439195267932068
-0.442433043756244
-0.438156736063936
-0.441211241558442
-0.437912375624376
-0.436018582217782
-0.444876648151848
-0.43504114045954
-0.436996023976024
-0.433025166833167
-0.431192463536464
-0.427832507492508
-0.435652041558442
-0.430764832767233
-0.421784586613387
-0.41824136023976
-0.417202828371628
-0.412926520679321
-0.416042116283716
-0.417019558041958
-0.417325008591409
-0.413537421778222
-0.410971637162837
-0.41237670969031
-0.41274325034965
-0.41225452947053
-0.41249888991009
-0.412865430569431
-0.406206608591409
-0.406206608591409
-0.397898353646354
-0.402235751448552
-0.39588238001998
-0.398753615184815
-0.39594347012987
-0.399608876723277
-0.402357931668332
-0.395027118481519
-0.398264894305694
-0.397959443756244
-0.386657773426573
-0.388368296503497
-0.391117351448552
-0.394110766833167
-0.394843848151848
-0.391972612987013
-0.389162467932068
-0.392155883316683
-0.39050645034965
-0.382259285514486
-0.392339153646354
-0.383969808591409
-0.383542177822178
-0.379937861338661
-0.383969808591409
-0.379510230569431
-0.381953834965035
-0.376883355844156
-0.370713254745255
-0.376089184415584
-0.37340121958042
-0.37364558001998
-0.375844823976024
-0.370224533866134
-0.366131496503497
-0.365398415184815
-0.372057237162837
-0.376211364635365
-0.364054432767233
-0.374928472327672
-0.364787514085914
-0.36234390969031
-0.366436947052947
-0.364237703096903
-0.362160639360639
-0.357639971228771
-0.363076991008991
-0.364420973426573
-0.360511206393606
-0.357395610789211
-0.361549738261738
-0.360938837162837
-0.362893720679321
-0.361855188811189
-0.360083575624376
-0.359778125074925
-0.360999927272727
-0.3568457998002
-0.35116441958042
-0.35690688991009
-0.355501817382617
-0.356418169030969
-0.350981149250749
-0.353852384415584
-0.357334520679321
-0.351653140459541
-0.353058212987013
-0.344383417382617
-0.348598634965035
-0.350431338261738
-0.35159205034965
-0.349148445954046
-0.344322327272727
-0.347132472327672
-0.353302573426573
-0.343222705294705
-0.34591067012987
-0.346460481118881
-0.344811048151848
-0.343344885514486
-0.34010710969031
-0.344322327272727
-0.339190758041958
-0.340595830569431
-0.339679478921079
-0.335403171228771
-0.336808243756244
-0.332043215184815
-0.331249043756244
-0.32892761958042
-0.322390977822178
-0.32361278001998
-0.324162591008991
-0.321108085514486
-0.322513158041958
-0.317259408591409
-0.323918230569431
-0.320863725074925
-0.316648507492508
-0.315548885514486
-0.316037606393606
-0.3179313998002
-0.317687039360639
-0.318725571228771
-0.319153201998002
-0.320619364635365
-0.318969931668332
-0.309012243756244
-0.314632533866134
-0.309195514085914
-0.309439874525475
-0.312922010789211
-0.304369395404595
-0.307423900899101
-0.313960542657343
-0.313716182217782
-0.309928595404595
-0.316892867932068
-0.304186125074925
-0.309195514085914
-0.308890063536464
-0.311333667932068
-0.311089307492508
-0.307240630569431
-0.308584612987013
-0.314143812987013
-0.314999074525475
-0.315182344855145
-0.315732155844156
-0.310661676723277
-0.31774812947053
-0.3179313998002
-0.318908841558442
-0.32361278001998
-0.325384393206793
-0.321596806393606
-0.3234905998002
-0.328561078921079
-0.321963347052947
-0.33454790969031
-0.338335496503497
-0.33998492947053
-0.342733984415584
-0.348720815184815
-0.348171004195804
-0.345177588811189
-0.347804463536464
-0.358006511888112
-0.358739593206793
-0.365520595404595
-0.360389026173826
-0.368697281118881
-0.374867382217782
-0.385619241558442
-0.381953834965035
-0.379693500899101
-0.386535593206793
-0.388857017382617
-0.397043092107892
-0.396248920679321
-0.404129544855145
-0.405778977822178
-0.410666186613387
-0.416408656943057
-0.410605096503497
-0.422090037162837
-0.42343401958042
-0.429726300899101
-0.433880428371628
-0.433330617382617
-0.442371953646354
-0.436996023976024
-0.445182098701299
-0.446220630569431
-0.458072111888112
-0.458438652547453
-0.452268551448551
-0.450558028371628
-0.457888841558442
-0.458744103096903
-0.464364393206793
-0.469984683316683
-0.46809088991009
-0.46815198001998
-0.477315496503497
-0.477559856943057
-0.476887865734266
-0.473283549250749
-0.478231848151848
-0.480125641558442
-0.482874696503497
-0.482813606393606
-0.488372806393606
-0.489900059140859
-0.486479012987013
-0.494848358041958
-0.494115276723277
-0.498025043756244
-0.496314520679321
-0.50169045034965
-0.49570361958042
-0.492343663536464
-0.497291962437562
-0.488250626173826
-0.494237456943057
-0.493748736063936
-0.49570361958042
-0.489655698701299
-0.493687645954046
-0.495153808591409
-0.493565465734266
-0.486845553646354
-0.487578634965035
-0.486723373426573
-0.495398169030969
-0.490877500899101
-0.491610582217782
-0.490633140459541
-0.485379391008991
-0.486601193206793
-0.487089914085914
-0.481103083316683
-0.486540103096903
-0.486479012987013
-0.482447065734266
-0.481530714085914
-0.477682037162837
-0.481958344855145
-0.473161369030969
-0.478170758041958
-0.480370001998002
-0.47939256023976
-0.477498766833167
-0.472611558041958
-0.467235628371628
-0.467052358041958
-0.464730933866134
-0.47365008991009
-0.465280744855145
-0.469862503096903
-0.469190511888112
-0.465769465734266
-0.465708375624376
-0.458988463536464
-0.457277940459541
-0.458621922877123
-0.455139786613387
-0.452207461338661
-0.454284525074925
-0.449763856943057
-0.45165765034965
-0.45153547012987
-0.45709467012987
-0.459416094305694
-0.443166125074925
-0.444815558041958
-0.449886037162837
-0.448236604195804
-0.444876648151848
-0.44035598001998
-0.443777026173826
-0.439622898701299
-0.436140762437563
-0.44053925034965
-0.444143566833167
-0.438462186613387
-0.439622898701299
-0.44017270969031
-0.433513887712288
-0.433941518481519
-0.437973465734266
-0.433636067932068
-0.435346591008991
-0.432964076723277
-0.431375733866134
-0.432108815184815
-0.437973465734266
-0.428626678921079
-0.428748859140859
-0.435590951448551
-0.433452797602398
-0.431925544855145
-0.428443408591409
-0.436018582217782
-0.428199048151848
-0.429848481118881
-0.426121984415584
-0.428260138261738
-0.433941518481519
-0.42905430969031
-0.424594731668332
-0.436201852547453
-0.438095645954046
-0.431497914085914
-0.430459382217782
-0.434124788811189
-0.431620094305694
-0.4346745998002
-0.42935976023976
-0.426488525074925
-0.435957492107892
-0.442310863536464
-0.441944322877123
-0.433086256943057
-0.43504114045954
-0.439928349250749
-0.432964076723277
-0.437545834965035
-0.438767637162837
-0.447686793206793
-0.441089061338661
-0.439134177822178
-0.441333421778222
-0.444143566833167
-0.448175514085914
-0.443777026173826
-0.444204656943057
-0.446892621778222
-0.441577782217782
-0.444937738261738
-0.442860674525475
-0.452085281118881
-0.44615954045954
-0.447870063536464
-0.454528885514486
-0.454162344855145
-0.455384147052947
-0.453917984415584
-0.450985659140859
-0.45721685034965
-0.459721544855145
-0.461615338261738
-0.459721544855145
-0.452268551448551
-0.453245993206793
-0.459782634965035
-0.454284525074925
-0.459965905294705
-0.461004437162837
-0.461737518481519
-0.464058942657343
-0.461981878921079
-0.463448041558442
-0.464486573426573
-0.456056138261738
-0.461981878921079
-0.466441456943057
-0.462165149250749
-0.46821307012987
-0.466197096503497
-0.461370977822178
-0.471634116283716
-0.46839634045954
-0.466319276723277
-0.461432067932068
-0.466991267932068
-0.460271355844156
-0.463142591008991
-0.464792023976024
-0.466991267932068
-0.459782634965035
-0.465830555844156
-0.462837140459541
-0.465158564635365
-0.465280744855145
-0.462226239360639
-0.465219654745255
-0.459782634965035
-0.465219654745255
-0.465097474525475
-0.464242212987013
-0.471817386613387
-0.463142591008991
-0.462837140459541
-0.457949931668332
-0.46240950969031
-0.460882256943057
-0.463264771228771
-0.46240950969031
-0.458072111888112
-0.458255382217782
-0.459416094305694
-0.461187707492507
-0.46234841958042
-0.460149175624376
-0.461248797602398
-0.450313667932068
-0.456300498701299
-0.459232823976024
-0.454040164635365
-0.458683012987013
-0.458255382217782
-0.461554248151848
-0.45703358001998
-0.454223434965035
-0.449519496503497
-0.455323056943057
-0.45141328991009
-0.454406705294705
-0.447931153646354
-0.452818362437562
-0.457339030569431
-0.454101254745255
-0.449947127272727
-0.453123812987013
-0.449275136063936
-0.452329641558442
-0.452451821778222
-0.451718740459541
-0.44597627012987
-0.455078696503497
-0.4513521998002
-0.459232823976024
-0.444449017382617
-0.447564612987013
-0.45159656023976
-0.437973465734266
-0.450619118481518
-0.447014801998002
-0.451963100899101
-0.449275136063936
-0.451168929470529
-0.449458406393606
-0.4513521998002
-0.449947127272727
-0.444937738261738
-0.449030775624376
-0.446648261338661
-0.445609729470529
-0.446770441558442
-0.448969685514486
-0.452024191008991
-0.449641676723277
-0.449580586613387
-0.448053333866134
-0.448542054745255
-0.44567081958042
-0.450313667932068
-0.450680208591409
-0.449030775624376
-0.446953711888112
-0.437606925074925
-0.453917984415584
-0.455689597602398
-0.446281720679321
-0.446526081118881
-0.446709351448552
-0.452390731668332
-0.448969685514486
-0.445304278921079
-0.458377562437562
-0.450496938261738
-0.449214045954046
-0.451107839360639
-0.453062722877123
-0.448786415184815
-0.452696182217782
-0.452146371228771
-0.451046749250749
-0.447992243756244
-0.458560832767233
-0.449397316283716
-0.453795804195804
-0.454467795404595
-0.454345615184815
-0.451840920679321
-0.455628507492508
-0.456667039360639
-0.45159656023976
-0.460515716283716
-0.458194292107892
-0.45715576023976
-0.459293914085914
-0.463142591008991
-0.457766661338661
-0.457339030569431
-0.462104059140859
-0.464364393206793
-0.470656674525475
-0.463570221778222
-0.466624727272727
-0.45715576023976
-0.463692401998002
-0.467296718481519
-0.466807997602398
-0.456300498701299
-0.459904815184815
-0.465158564635365
-0.47365008991009
-0.463264771228771
-0.459721544855145
-0.464792023976024
-0.469068331668332
-0.475849333866134
-0.470839944855145
-0.474016630569431
-0.462837140459541
-0.469251601998002
-0.470412314085914
-0.466991267932068
-0.468457430569431
-0.469740322877123
-0.465891645954046
-0.467724349250749
-0.474505351448551
-0.466441456943057
-0.474932982217782
-0.463142591008991
-0.470412314085914
-0.473344639360639
-0.472733738261738
-0.480919812987013
-0.474688621778222
-0.480064551448551
-0.471450845954046
-0.476765685514486
-0.476460234965035
-0.472733738261738
-0.470717764635365
-0.468579610789211
-0.474016630569431
-0.464792023976024
-0.477376586613387
-0.476765685514486
-0.471573026173826
-0.474077720679321
-0.469068331668332
-0.476338054745255
-0.46784652947053
-0.4735889998002
-0.475666063536464
-0.477865307492508
-0.472855918481519
-0.472000656943057
-0.47340572947053
-0.472183927272727
-0.478476208591409
-0.481041993206793
-0.477315496503497
-0.478170758041958
-0.477620947052947
-0.480003461338661
-0.475421703096903
-0.486906643756244
-0.477926397602398
-0.475971514085914
-0.476765685514486
-0.478292938261738
-0.486723373426573
-0.48489067012987
-0.47951474045954
-0.477926397602398
-0.478964929470529
-0.481286353646354
-0.4847073998002
-0.486295742657343
-0.483729958041958
-0.481408533866134
-0.483913228371628
-0.487334274525475
-0.485990292107892
-0.485135030569431
-0.485929201998002
-0.484524129470529
-0.489777878921079
-0.486845553646354
-0.493870916283716
-0.486112472327672
-0.486173562437562
-0.4902665998002
-0.492038212987013
-0.485562661338661
-0.486845553646354
-0.492404753646354
-0.495275988811189
-0.490816410789211
-0.489961149250749
-0.492893474525475
-0.488678256943057
-0.494359637162837
-0.495459259140859
-0.495581439360639
-0.501873720679321
-0.497108692107892
-0.495031628371628
-0.493870916283716
-0.492771294305694
-0.494848358041958
-0.49588688991009
-0.497169782217782
-0.492710204195804
-0.491793852547453
-0.499979927272727
-0.49600907012987
-0.491854942657343
-0.496803241558442
-0.495459259140859
-0.497780683316683
-0.501140639360639
-0.498208314085914
-0.49594798001998
-0.498452674525475
-0.498269404195804
-0.506577659140859
-0.503584243756244
-0.494359637162837
-0.494542907492508
-0.50169045034965
-0.497780683316683
-0.497169782217782
-0.499613386613387
-0.492649114085914
-0.49588688991009
-0.491977122877123
-0.495153808591409
-0.495581439360639
-0.500529738261738
-0.493443285514486
-0.496558881118881
-0.498635944855145
-0.496742151448551
-0.497841773426573
-0.490999681118881
-0.492038212987013
-0.498208314085914
-0.493993096503497
-0.486417922877123
-0.49014441958042
-0.494115276723277
-0.493932006393606
-0.492404753646354
-0.487212094305694
-0.4902665998002
-0.491244041558442
-0.485807021778222
-0.487028823976024
-0.484035408591409
-0.478109667932068
-0.48464630969031
-0.481836164635365
-0.488433896503497
-0.485196120679321
-0.474199900899101
-0.485684841558442
-0.476521325074925
-0.481103083316683
-0.477559856943057
-0.477865307492508
-0.471450845954046
-0.476948955844156
-0.480308911888112
-0.476338054745255
-0.473344639360639
-0.474627531668332
-0.46821307012987
-0.469251601998002
-0.47395554045954
-0.468579610789211
-0.476765685514486
-0.474505351448551
-0.478659478921079
-0.478231848151848
-0.472917008591409
-0.474749711888112
-0.47395554045954
-0.480186731668332
-0.481897254745255
-0.477132226173826
-0.471817386613387
-0.476887865734266
-0.472245017382617
-0.481530714085914
-0.472489377822178
-0.480186731668332
-0.471878476723277
-0.471450845954046
-0.469984683316683
-0.477132226173826
-0.475055162437563
-0.476093694305694
-0.481652894305694
-0.477559856943057
-0.478903839360639
-0.482874696503497
-0.484218678921079
-0.475727153646354
-0.481469623976024
-0.486967733866134
-0.481469623976024
-0.485807021778222
-0.482874696503497
-0.482385975624376
-0.476582415184815
-0.487212094305694
-0.483119056943057
-0.489228067932068
-0.488250626173826
-0.491977122877123
-0.49020550969031
-0.494787267932068
-0.486906643756244
-0.491793852547453
-0.493321105294705
-0.486051382217782
-0.487273184415584
-0.492893474525475
-0.491793852547453
-0.491305131668332
-0.488128445954046
-0.493870916283716
-0.489289158041958
-0.498391584415584
-0.493748736063936
-0.490633140459541
-0.494970538261738
-0.500957369030969
-0.496681061338661
-0.497108692107892
-0.498574854745255
-0.497169782217782
-0.492893474525475
-0.503523153646354
-0.495520349250749
-0.493198925074925
-0.493015654745255
-0.494848358041958
-0.49600907012987
-0.494481817382617
-0.494665087712288
-0.502301351448551
-0.493748736063936
-0.493809826173826
-0.486845553646354
-0.489411338261738
-0.497780683316683
-0.488861527272727
-0.490083329470529
-0.486479012987013
-0.488983707492508
-0.484524129470529
-0.489350248151848
-0.481469623976024
-0.487884085514486
-0.479636920679321
-0.486784463536464
-0.476582415184815
-0.486356832767233
-0.479759100899101
-0.483852138261738
-0.480003461338661
-0.477010045954046
-0.470656674525475
-0.478354028371628
-0.472855918481519
-0.473161369030969
-0.481225263536464
-0.47389445034965
-0.472428287712288
-0.470351223976024
-0.465586195404595
-0.463997852547453
-0.46833525034965
-0.472611558041958
-0.468518520679321
-0.467785439360639
-0.458194292107892
-0.461920788811189
-0.466013826173826
-0.465280744855145
-0.461737518481519
-0.458255382217782
-0.455750687712288
-0.455628507492508
-0.459171733866134
-0.459049553646354
-0.459293914085914
-0.455567417382617
-0.449824947052947
-0.448969685514486
-0.44597627012987
-0.453245993206793
-0.444449017382617
-0.44035598001998
-0.444449017382617
-0.441944322877123
-0.442738494305694
-0.444693377822178
-0.442371953646354
-0.441027971228771
-0.442310863536464
-0.436568393206793
-0.434063698701299
-0.433697158041958
-0.42948194045954
-0.425511083316683
-0.431009193206793
-0.429665210789211
-0.42899321958042
-0.428687769030969
-0.419768612987013
-0.419218801998002
-0.417630459140859
-0.415309034965035
-0.419157711888112
-0.4124377998002
-0.413170881118881
-0.4124377998002
-0.401747030569431
-0.406450969030969
-0.40162485034965
-0.409627654745255
-0.404434995404595
-0.396737641558442
-0.400952859140859
-0.392644604195804
-0.391972612987013
-0.400341958041958
-0.401869210789211
-0.399731056943057
-0.398509254745255
-0.39056754045954
-0.393744226173826
-0.401685940459541
-0.392461333866134
-0.385863601998002
-0.389284648151848
-0.387024314085914
-0.389651188811189
-0.386413412987013
-0.385985782217782
-0.382503645954046
-0.385191610789211
-0.385924692107892
-0.381709474525475
-0.385130520679321
-0.380487672327672
-0.384091988811189
-0.376577905294705
-0.377433166833167
-0.38500834045954
-0.377860797602398
-0.375661553646354
-0.388979197602398
-0.380182221778222
-0.376577905294705
-0.380854212987013
-0.377860797602398
-0.379937861338661
-0.366925667932068
-0.370652164635365
-0.378227338261738
-0.367719839360639
-0.376883355844156
-0.374073210789211
-0.371385245954046
-0.36271045034965
-0.358067601998002
-0.366681307492507
-0.36246608991009
-0.368880551448551
-0.366986758041958
-0.358922863536464
-0.36258827012987
-0.358006511888112
-0.357639971228771
-0.355379637162837
-0.352936032767233
-0.358678503096903
-0.349881527272727
-0.349759347052947
-0.3512865998002
-0.351714230569431
-0.344566687712288
-0.355318547052947
-0.341634362437563
-0.349759347052947
-0.346704841558442
-0.346155030569431
-0.335952982217782
-0.342611804195804
-0.338396586613387
-0.347499012987013
-0.34035147012987
-0.342061993206793
-0.34047365034965
-0.338885307492508
-0.336563883316683
-0.336563883316683
-0.336930423976024
-0.331126863536464
-0.328561078921079
-0.333020656943057
-0.331126863536464
-0.326484015184815
-0.331371223976024
-0.333203927272727
-0.325323303096903
-0.326300744855145
-0.326545105294705
-0.324651311888112
-0.330760322877123
-0.324651311888112
-0.328072358041958
-0.316159786613387
-0.320375004195804
-0.316770687712288
-0.325017852547453
-0.31787030969031
-0.314510353646354
-0.317625949250749
-0.303269773426573
-0.309195514085914
-0.314937984415584
-0.30687408991009
-0.304735936063936
-0.310783856943057
-0.306385369030969
-0.313105281118881
-0.250793369030969
-0.335769711888112
-0.540849210789211
-0.443777026173826
-0.394599487712288
-0.299787637162837
-0.192635584415584
-0.331921034965035
-0.663273791008991
-0.949664226173826
-1.12517611188811
-1.16952753166833
-1.1617079976024
-1.17435365034965
-1.23495503936064
-1.31638815584416
-1.40386919320679
-1.45420744375624
-1.45041985694306
-1.41846972947053
-1.39501112727273
-1.54003904815185
-1.81928194045954
-1.85068225694306
-1.84695576023976
-1.88678651188811
-1.7318009030969
-1.48499685914086
-1.19280286353646
-0.862122098701299
-0.63486688991009
-0.566262696503497
-0.600167707492508
-0.655698617382617
-0.69589590969031
-0.677202336063936
-0.628574608591409
-0.555327566833167
-0.478598388811189
-0.367292208591409
-0.248899575624376
-0.137471215184815
-0.0430259052947053
0.0142766177822178
0.0774437914085914
0.117579993606394
0.138900441958042
0.155455861738262
0.181296978221778
0.233284661738262
0.264379527672328
0.331945189210789
0.395051272727273
0.458279536463536
0.501958965034965
0.533114921078921
0.540995545254745
0.532809470529471
0.52682263976024
0.516192960639361
0.505807641958042
0.480333066133866
0.446061514485515
0.412706314485515
0.362062613386613
0.311052371628372
0.27097725954046
0.219844837562438
0.19363718041958
0.155272591408591
0.125155167232767
0.099986041958042
0.0857520463536464
0.0718235012987013
0.0635152463536464
0.0490368903096903
0.0470209166833167
0.0379184903096903
0.0289993342657343
0.0302822265734266
0.0197136375624376
0.0236234045954046
0.0126271848151848
0.00645708371628372
0.00914504855144855
0.0180642045954046
0.0184307452547453
0.0115886529470529
0.00719016503496503
0.0116497430569431
0.00670144415584415
-0.00447804595404595
-0.00423368551448552
-0.00960961518481519
-0.0153520855144855
-0.0160851668331668
-0.0227439888111888
-0.0230494393606394
-0.0243323316683317
-0.0358172723276723
-0.0446142481518482
-0.0473633030969031
-0.0619027492507493
-0.063979812987013
-0.0664845074925075
-0.0834064679320679
-0.0837730085914086
-0.0730822393606394
-0.0768087360639361
-0.0742429514485514
-0.0687448415584416
-0.0703942745254745
-0.0630634613386613
-0.0631856415584416
-0.0520672415584416
-0.0528003228771229
-0.0396659492507493
-0.0450418789210789
-0.038993958041958
-0.0375277954045954
-0.0362449030969031
-0.0377721558441559
-0.032274045954046
-0.0295860811188811
-0.0425982745254745
-0.031724234965035
-0.0362449030969031
-0.0338623888111888
-0.0513952503496504
-0.0576875316683317
-0.0575042613386614
-0.0631245514485514
-0.070088823976024
-0.0694168327672328
-0.0862777030969031
-0.0883547668331668
-0.0914092723276723
-0.0944637778221778
-0.0966019316683317
-0.109736305294705
-0.110774837162837
-0.115723136063936
-0.116150766833167
-0.125680823976024
-0.12885750969031
-0.13466107012987
-0.140464630569431
-0.131912015184815
-0.131178933866134
-0.146451461338661
-0.138754107492508
-0.137532305294705
-0.137593395404595
-0.134966520679321
-0.135699601998002
-0.129834951448551
-0.127757887712288
-0.130690212987013
-0.127880067932068
-0.133133817382617
-0.132522916283716
-0.125192103096903
-0.109369764635365
-0.153965544855145
-0.310478406393606
-0.332776296503496
-0.335708621778222
-0.322207707492507
-0.345544129470529
-0.498025043756244
-0.696934441558442
-0.88503088991009
-1.06378055144855
-1.13012441078921
-1.09658594045954
-1.01057106573427
-0.947709342657343
-0.944227206393607
-0.964264762437562
-0.977215865734266
-0.972878467932068
-0.962370969030969
-0.96316514045954
-0.984791039360639
-1.00061337782218
-1.01393102177822
-1.02920354925075
-1.00934926353646
-0.989311707492508
-0.94642645034965
-0.902869201998002
-0.852469861338661
-0.802375971228771
-0.759368533866134
-0.70731976023976
-0.665045404195804
-0.638410116283716
-0.576525834965035
-0.538405606393606
-0.48458521958042
-0.444326837162837
-0.405717887712288
-0.372118327272727
-0.331371223976024
-0.28995212947053
-0.243157105294705
-0.191841412987013
-0.153721184415584
-0.105948718481518
-0.0782138085914086
-0.0416208327672328
-0.0166349778221778
0.0140933474525475
0.0512361342657343
0.0650424991008991
0.0896618133866134
0.104079079320679
0.126315879320679
0.13804518041958
0.158388187012987
0.171705830969031
0.184229303496504
0.199746191408591
0.213919096903097
0.235483905694306
0.251184063936064
0.263402085914086
0.272137971628372
0.271588160639361
0.27647536943057
0.281912389210789
0.290342824375624
0.283317461738262
0.28209565954046
0.282767650749251
0.275070296903097
0.269999817782218
0.271893611188811
0.269327826573427
0.260653030969031
0.249412450749251
0.2491070001998
0.231207598001998
0.230474516683317
0.218134314485515
0.213858006793207
0.207626815584416
0.185390015584416
0.169628767232767
0.160953971628372
0.151423914485515
0.14317674965035
0.135601576023976
0.117641083716284
0.110493540859141
0.0969926265734266
0.0906392551448552
0.0943046617382617
0.0729231232767233
0.0607661914085914
0.0448827628371628
0.0412784463536464
0.0278386221778222
0.0189194661338661
0.0106112111888112
-0.000690459140859148
-0.0226218085914086
-0.036183812987013
-0.0554882877122877
-0.0658125162837163
-0.0819403052947053
-0.0922034437562438
-0.097335012987013
-0.102222221778222
-0.115906406393606
-0.132828366833167
-0.140953351448551
-0.154637536063936
-0.16801627012987
-0.17363656023976
-0.175591443756244
-0.188237096503497
-0.191291601998002
-0.187931645954046
-0.197400612987013
-0.20143256023976
-0.190497430569431
-0.196178810789211
-0.205892138261738
-0.200516208591409
-0.206197588811189
-0.203387443756244
-0.198561325074925
-0.193002125074925
-0.186098942657343
-0.181211733866134
-0.177424147052947
-0.172292577822178
-0.158241852547453
-0.150911039360639
-0.13484434045954
-0.128368788811189
-0.117067118481518
-0.120304894305694
-0.110225026173826
-0.112057729470529
-0.103627294305694
-0.096785201998002
-0.100878239360639
-0.105643267932068
-0.113157351448551
-0.0979459140859141
-0.105948718481518
-0.108209052547453
-0.108819953646354
-0.113951522877123
-0.116944938261738
-0.107109430569431
-0.0942805074925075
-0.0913481822177822
-0.0926310745254745
-0.0865831536463537
-0.0857278921078921
-0.0729600591408592
-0.0660568767232767
-0.0609253074925075
-0.0435146261738262
-0.0364892635364635
-0.027264656943057
-0.0233548899100899
-0.0119921294705295
-0.00398932507492508
0.0115886529470529
0.0140322573426573
0.0159871408591409
0.0159260507492507
0.00438001998001997
0.0229514133866134
0.00621272327672327
-0.00508894705294706
-0.00319515364635366
-0.00264534265734266
-0.0148022745254745
-0.0271424767232767
-0.0374056151848152
-0.0572599008991009
-0.0633078217782218
-0.0936696063936064
-0.111874459140859
-0.124153571228771
-0.138143206393606
-0.142358423976024
-0.138570837162837
-0.148589615184815
-0.158852753646354
-0.16777190969031
-0.17931794045954
-0.176263434965035
-0.195445729470529
-0.185671311888112
-0.199783127272727
-0.222019927272727
-0.221225755844156
-0.227701307492508
-0.236498283316683
-0.238453166833167
-0.230511452547453
-0.244378907492508
-0.244989808591409
-0.25690238001998
-0.26808187012987
-0.277367566833167
-0.287447434965035
-0.289402318481519
-0.309623144855145
-0.291845922877123
-0.283537667932068
-0.292640094305694
-0.287325254745255
-0.306202098701299
-0.311822388811189
-0.315793245954046
-0.325750933866134
-0.325628753646354
-0.324162591008991
-0.324712401998002
-0.337296964635365
-0.336075162437563
-0.32367387012987
-0.327950177822178
-0.318297940459541
-0.302658872327672
-0.309256604195804
-0.328072358041958
-0.332654116283716
-0.320985905294705
-0.315304525074925
-0.331004683316683
-0.327766907492507
-0.343283795404595
-0.331371223976024
-0.324040410789211
-0.305774467932068
-0.317137228371628
-0.324040410789211
-0.327400366833167
-0.335708621778222
-0.338030045954046
-0.333265017382617
-0.344933228371628
-0.341390001998002
-0.342000903096903
-0.341817632767233
-0.310050775624376
-0.308523522877123
-0.321108085514486
-0.301803610789211
-0.319886283316683
-0.314510353646354
-0.343955786613387
-0.323979320679321
-0.314754714085914
-0.302597782217782
-0.297344032767233
-0.288363786613387
-0.300093087712288
-0.306079918481519
-0.301009439360639
-0.298626925074925
-0.293861896503497
-0.307362810789211
-0.290746300899101
-0.276206854745255
-0.261911769030969
-0.275595953646354
-0.263744472327672
-0.270036753646354
-0.281643874525475
-0.269548032767233
-0.263316841558442
-0.253725694305694
-0.216705087712288
-0.231122353646354
-0.212978591008991
-0.207969201998002
-0.203998344855145
-0.171803856943057
-0.156042608591409
-0.160074555844156
-0.140708991008991
-0.141747522877123
-0.135149791008991
-0.161968349250749
-0.133072727272727
-0.153293553646354
-0.156286969030969
-0.164350863536464
-0.154881896503497
-0.136921404195804
-0.161357448151848
-0.150361228371628
-0.142358423976024
-0.107414881118881
-0.110102845954046
-0.102588762437562
-0.106193078921079
-0.0967241118881119
-0.0718604371628372
-0.0508454393606394
-0.0606809470529471
-0.0527392327672328
-0.0374667052947053
-0.0281199184815185
-0.0483407448551449
-0.042842634965035
-0.0340456591408592
-0.0474243932067932
-0.0101594261738262
0.00786215624375624
0.0316872991008991
0.0222794221778222
0.0195914573426573
0.0231957738261738
0.0337032727272727
0.0859353166833167
0.0857520463536464
0.0831251716283716
0.102857277122877
0.111348802397602
0.146658885914086
0.133463422177822
0.156738754045954
0.177509391408591
0.18215223976024
0.216118340859141
0.242875808991009
0.260714121078921
0.26010321998002
0.271588160639361
0.263951896903097
0.298467808991009
0.323270393606394
0.339703633166833
0.363223325474526
0.373425373826174
0.394562551848152
0.411362332067932
0.430361356243756
0.447405496903097
0.476178938661339
0.491268195804196
0.500676072727273
0.515276608991009
0.578749233166833
0.592494507892108
0.617113822177822
0.59909223976024
0.59389958041958
0.546676925474526
0.475995668331668
0.459623518881119
0.448382938661339
0.437264538661339
0.441540846353646
0.421808740859141
0.432743870529471
0.419609496903097
0.421747650749251
0.418876415584416
0.418509874925075
0.4436790001998
0.479844345254745
0.497560477122877
0.516498411188811
0.512771914485515
0.546066024375624
0.58278118041958
0.609416468331668
0.60477361998002
0.625971888111888
0.651996274925075
0.664336477122877
0.664458657342657
0.69897456943057
0.739049681518482
0.78828831008991
0.817183932067932
0.876746789210789
0.956713743056943
1.00247023536464
1.04792127712288
1.09709881558442
1.19765313646354
1.23485701338661
1.27053363756244
1.31567922877123
1.33363972107892
1.29759655624376
1.35795358481518
1.3702326969031
1.26002613866134
1.14438256063936
1.09160070569431
1.11084409030969
1.12813259140859
1.13253107932068
1.08989018261738
1.1027801958042
1.11255461338661
1.10351327712288
1.13473032327672
1.13747937822178
1.14383274965035
1.14762033646354
1.1496974001998
1.20620575184815
1.2565440023976
1.33693858701299
1.38605503536464
1.4739637034965
1.54678311448551
1.61691456063936
1.64862032767233
1.65918891668332
1.66364849470529
1.67452253426573
1.60188639360639
1.55600772107892
1.57189114965035
1.52674555844156
1.60817867492508
1.58740803756244
1.57470129470529
1.60127549250749
1.62229049030969
1.63640230569431
1.66242669250749
1.69914184855145
1.73940023096903
1.78081932547453
1.83335681998002
1.88577213426573
1.89823451668332
1.91063580899101
1.91680591008991
1.93861507932068
1.93055118481519
1.92144875844156
1.893408398002
1.92169311888112
1.93226170789211
1.88778810789211
1.92468653426573
1.96757179140859
2.01564970789211
2.04497296063936
2.08297100899101
2.10490235844156
2.07985541338661
2.08352081998002
2.09738827492507
2.09054618261738
2.00031609030969
2.00899088591409
1.42344218261738
-0.62949096023976
-2.58755116243756
-5.74279424815185
-9.01551361518482
-10.5289599976024
-10.1108592855145
-8.530091601998
-6.17158572947053
-2.7843834965035
1.70152436283716
7.15296140899101
13.0138243716284
18.5864641958042
23.4044578925075
27.3957191320679
30.2382419452547
32.3509212155844
33.7911816463537
34.2226000023976
34.2188124155844
33.916599641958
32.7395764947053
31.2558809958042
30.5651962133866
29.5523832815185
27.998311976024
26.1702515276723
24.101312776024
21.9436100947053
19.4298742529471
16.7610917122877
14.1446023056943
11.62310801998
9.12006294745255
6.54884131228771
3.97267137822178
1.30559936063936
-1.74340802397602
-3.86384573826174
-5.44333052947053
-6.76800847232767
-7.91167641958042
-7.89499881958042
-8.91104952727273
-10.5595661426573
-9.46947422177822
-8.83541997122877
-8.54860190529471
-8.15322671408591
-6.64124649430569
-5.04783315804196
-4.2353346965035
-3.60702291628372
-3.1975969998002
-2.59604268771229
-2.13212439320679
-1.59563104815185
-1.60192332947053
-1.25670311848152
-1.42567836243756
-1.27869555804196
-1.51291503936064
-0.995787259140859
-1.05840462177822
-0.341817632767233
-0.733221966833167
0.139450252947053
0.122283932067932
1.3856274045954
0.234934094705295
2.18786272767233
0.772588151848152
10.1782047408591
14.8263679320679
-1.17349838881119
-0.0366114437562438
-3.98003912727273
-2.66941190969031
-2.61045995364635
-1.85013244595405
-3.33743226133866
-3.5150823008991
-4.90885315804196
-4.86835041518482
-5.87480997562438
-5.8270985998002
-5.33404032287712
-3.78846054265734
-2.72903585694306
-1.91800355804196
-2.14764128111888
-2.35027717562438
-2.85023863496504
-2.68279064375624
-2.53122608111888
-1.90902331188811
-4.1303207976024
-3.77929702617383
-1.3648937030969
-0.518490230569431
0.402443176023976
1.12856022217782
1.49186310569431
2.70395197602398
3.32083990569431
1.22606003756244
1.83732767712288
2.06354435404595
2.35201185294705
2.45274944415584
2.73315304855145
2.28633998481518
2.22860983096903
2.43393369030969
2.64035717162837
2.68501404195804
2.79546496063936
2.90554933866134
2.68678565514486
2.55812988371628
1.8606640991009
1.71404783536464
1.68063154525475
0.768556204595405
1.59180652547453
1.91430121558442
1.19569825294705
1.26363045514486
2.14198405514486
3.02229253866134
3.03554909250749
2.51273993206793
2.48311122877123
2.11589857822178
2.11730365074925
2.47596368591409
2.27332779140859
2.06916464415584
1.94576262217782
2.04912708811189
1.81667921998002
1.47371934305694
1.48355485074925
1.78081932547453
2.08040522437562
1.73445193206793
1.00754071448551
0.709054437562438
0.708626806793207
0.660793250749251
0.794580591408592
1.1725451012987
1.22856473206793
1.31317453426573
1.64739852547453
1.97074847712288
2.15010903976024
2.11162227052947
1.97435279360639
2.02798991008991
2.08975201118881
2.35280602437562
2.43979834085914
2.04521732107892
1.64770397602398
1.34414721998002
1.23039743536464
1.16167106173826
1.18250278921079
1.1546456991009
1.08683567712288
1.16906296503497
1.21127623096903
1.26173666173826
1.40236609470529
1.48502101338661
1.66144925074925
1.70506758921079
1.66309868371628
1.55252558481519
1.50389785734266
1.41666118041958
1.26870093426573
1.1861681958042
1.1138985958042
1.0508536023976
1.03216002877123
1.15989944855145
1.41305686393606
1.77721500899101
1.77361069250749
1.56871446393606
1.3714544991009
1.12984311448551
1.05421355844156
1.09935914965035
1.18971142217782
1.27059472767233
1.29698565514486
1.27902516283716
1.29759655624376
1.33125720679321
1.4214872991009
1.52436304415584
1.6203966969031
1.73390212107892
1.73335231008991
1.63426415184815
1.52020891668332
1.42515270569431
1.24475361118881
1.06924172547453
0.924397074925075
0.808570226573427
0.656089312287712
0.687123088111888
0.823659483716284
0.870393417782218
0.89916685954046
0.84381921998002
0.795863483716284
0.660732160639361
0.521935430969031
0.519064195804196
0.557734235364635
0.625971888111888
0.766479140859141
0.861718622177822
0.812724354045954
0.750901162837163
0.727442560639361
0.784622903496504
0.850661312287712
0.934049312287712
0.974735325474526
0.992023826573427
0.945839703496504
0.954270138661339
0.846934815584416
0.863306965034965
0.535008714485515
0.0896007232767233
0.0285717034965035
1.10308564635365
2.2108936991009
2.64237314525475
2.38555032327672
1.87807478041958
1.58520879360639
1.35398272767233
1.08824074965035
0.719745206793207
0.327729971628372
-0.0620860195804196
-0.43461350969031
-0.672315127272727
-0.788019795404595
-0.809340243756244
-0.739269887712288
-0.815327074525475
-1.09298162397602
-1.6076657998002
-2.36799330749251
-3.09685940859141
-3.41477234045954
-3.59156711848152
-3.8295130965035
-3.95468673166833
-3.95633616463537
-3.89555150529471
-3.82847456463537
-3.76995023936064
-3.64508205474526
-3.48404852507493
-3.3761023008991
-3.35093317562438
-3.37371978661339
