0.44911601998002
0.450704362837163
0.447649857342657
0.450337822177822
0.459867879320679
0.450337822177822
0.453086877122877
0.455408301298701
0.455041760639361
0.456996644155844
0.458279536463536
0.46573252987013
0.457302094705295
0.453086877122877
0.453331237562438
0.461089681518482
0.463472195804196
0.463105655144855
0.458218446353646
0.455286121078921
0.465121628771229
0.462189303496504
0.463472195804196
0.46585471008991
0.467443052947053
0.467137602397602
0.460662050749251
0.469275756243756
0.470436468331668
0.472085901298701
0.458890437562438
0.467809593606394
0.466771061738262
0.466221250749251
0.458646077122877
0.453392327672328
0.450948723276723
0.446305874925075
0.424802156243756
0.389003351848152
0.343857760639361
0.28227892987013
0.195592063936064
0.110737901298701
0.0679137342657343
0.062782165034965
0.0915556067932068
0.145009452947053
0.240737655144855
0.342269417782218
0.398166868331668
0.427245760639361
0.421686560639361
0.385521215584416
0.344713022177822
0.304210279320679
0.270366358441558
0.23236831008991
0.23236831008991
0.247029936463536
0.287288318881119
0.380572916683317
0.483631932067932
0.529999325474526
0.54936489030969
0.551625224375624
0.542217347452547
0.52114125954046
0.479416714485514
0.46603798041958
0.433415861738262
0.4270014001998
0.433293681518482
0.443862270529471
0.462189303496504
0.469336846353646
0.466526701298701
0.446305874925075
0.42156438041958
0.407086024375624
0.39352401998002
0.390897145254745
0.384116143056943
0.381183817782218
0.395784354045954
0.415027738661339
0.424802156243756
0.428711923276723
0.431766428771229
0.421686560639361
0.411301241958042
0.405619861738262
0.400305022177822
0.404214789210789
0.41001834965035
0.417410252947053
0.416921532067932
0.410629250749251
0.397494877122877
0.39334074965035
0.388636811188811
0.3992054001998
0.400427202397602
0.419181866133866
0.434210033166833
0.463960916683317
0.48222685954046
0.489496582617383
0.49896554965035
0.502020055144855
0.504097118881119
0.501653514485515
0.487236248551449
0.494933602397602
0.500187351848152
0.503180767232767
0.505563281518482
0.503913848551449
0.485403545254745
0.465121628771229
0.430605716683317
0.401710094705295
0.383627422177822
0.383749602397602
0.394929092507493
0.402870806793207
0.43231623976024
0.456141382617383
0.483265391408591
0.495116872727273
0.503547307892108
0.501470244155844
0.502692046353646
0.503302947452548
0.504341479320679
0.507457074925075
0.502997496903097
0.48778605954046
0.470192107892108
0.447955307892108
0.407819105694306
0.384238323276723
0.378801303496504
0.370981769430569
0.356931044155844
0.367133092507492
0.399388670529471
0.415333189210789
0.421808740859141
0.424741066133866
0.423030543056943
0.417165892507493
0.412278683716284
0.386315387012987
0.398289048551449
0.396334165034965
0.398472318881119
0.388575721078921
0.373608644155844
0.364750578221778
0.339703633166833
0.295779844155844
0.257659615584416
0.217951044155844
0.200967993606394
0.197852398001998
0.203106147452547
0.234995184815185
0.2657846001998
0.318322094705295
0.34367449030969
0.367682903496504
0.386987378221778
0.394684732067932
0.389492072727273
0.386315387012987
0.388392450749251
0.382955430969031
0.381611448551449
0.368415984815185
0.355342701298701
0.34929478041958
0.325836178221778
0.292969699100899
0.287471589210789
0.281545848551449
0.278002622177822
0.291442446353646
0.313434885914086
0.345018472727273
0.372875562837163
0.392302217782218
0.404031518881119
0.42107565954046
0.43225514965035
0.437142358441558
0.442212837562438
0.453453417782218
0.462494754045954
0.467443052947053
0.453575598001998
0.444534261738262
0.440502314485515
0.401160283716284
0.366522191408591
0.327180160639361
0.298467808991009
0.290465004595405
0.289793013386613
0.303538288111888
0.340436714485514
0.375013716683317
0.393890560639361
0.39346292987013
0.409651808991009
0.422786182617383
0.419304046353646
0.423946894705295
0.430055905694306
0.447772037562438
0.455163940859141
0.4603566001998
0.450215641958042
0.442090657342657
0.418693145254745
0.383993962837163
0.348378428771229
0.328707413386613
0.308792037562438
0.283928362837163
0.27696409030969
0.295902024375624
0.336649127672328
0.376357699100899
0.412461954045954
0.440929945254745
0.469947747452548
0.501103703496504
0.505013470529471
0.51600969030969
0.514115896903097
0.495422323276723
0.467015422177822
0.422541822177822
0.403054077122877
0.385154674925075
0.364750578221778
0.331212107892108
0.321620960639361
0.343979940859141
0.359619008991009
0.382039079320679
0.427917751848152
0.469520116683317
0.526517189210789
0.558589496903097
0.592433417782218
0.628171132067932
0.656822393606394
0.69359863976024
0.704472679320679
0.692804468331668
0.664214296903097
0.635196494705295
0.598236978221778
0.552602666133866
0.508556696903097
0.498599008991009
0.494933602397602
0.508923237562438
0.553152477122877
0.596831905694306
0.624322455144855
0.657372204595405
0.667879703496504
0.680647536463537
0.681258437562438
0.69347645954046
0.698058217782218
0.698546938661339
0.680036635364635
0.66012125954046
0.631286727672328
0.622367571628372
0.608988837562438
0.605017980419581
0.608927747452548
0.618763255144855
0.635868485914086
0.6438102001998
0.676126868331668
0.695370252947053
0.711253681518482
0.717057241958042
0.724265874925075
0.737216978221778
0.750351351848152
0.742959448551449
0.739416222177822
0.732268679320679
0.713636195804196
0.713025294705295
0.702701066133866
0.679914455144855
0.664275387012987
0.637762279320679
0.630370376023976
0.633058340859141
0.638922991408592
0.664764107892108
0.734223562837163
0.790426463936064
0.831479017782218
0.826286358441559
0.791159545254745
0.756032732067932
0.700013101298701
0.639228441958042
0.57685543976024
0.527189180419581
0.52114125954046
0.547043466133866
0.589256732067932
0.649491580419581
0.715407808991009
0.786577787012987
0.822010050749251
0.841314525474526
0.841558885914086
0.828241241958042
0.783950912287712
0.735811905694306
0.68266351008991
0.639717162837163
0.642344037562438
0.662748134265734
0.682174789210789
0.699646560639361
0.696653145254745
0.689994323276723
0.708260266133866
0.723716063936064
0.746747035364635
0.775092846353647
0.798368178221778
0.803072116683317
0.792808978221778
0.788654850749251
0.77173289030969
0.751084433166833
0.726404028771229
0.700807272727273
0.688467070529471
0.684312943056943
0.702456705694306
0.722310991408591
0.755605101298701
0.784561813386613
0.780285505694306
0.770266727672328
0.745708503496504
0.713208565034965
0.678937013386614
0.657860925474526
0.643321479320679
0.64362692987013
0.673622173826174
0.719073215584416
0.77710881998002
0.806004441958042
0.824698015584416
0.824331474925075
0.823109672727273
0.789571202397602
0.738805321078921
0.691216125474526
0.670262217782218
0.67685994965035
0.693048828771229
0.719378666133866
0.752245145254745
0.786211246353646
0.806065532067932
0.801483773826174
0.780163325474526
0.744364521078921
0.709176617782218
0.682174789210789
0.684618393606394
0.696653145254745
0.738927501298701
0.792564617782218
0.822498771628372
0.849867140859141
0.841681066133866
0.823170762837163
0.784989444155844
0.728664362837163
0.692499017782218
0.666718991408591
0.664580837562438
0.696042244155844
0.739660582617383
0.784989444155844
0.808570226573427
0.81021965954046
0.797574006793207
0.762325013386614
0.71571325954046
0.689139061738262
0.676493408991009
0.68791725954046
0.743264899100899
0.784012002397602
0.81052511008991
0.833739351848152
0.839604002397602
0.814984688111888
0.797146376023976
0.753161496903097
0.706427562837163
0.679364644155844
0.671911650749251
0.691949206793207
0.741126745254745
0.778880433166833
0.797207466133866
0.795313672727273
0.778758252947053
0.753039316683317
0.737216978221778
0.701173813386613
0.685779105694306
0.703800688111888
0.731657778221778
0.775276116683317
0.804477189210789
0.82164351008991
0.830440485914086
0.824942376023976
0.800384151848152
0.759331598001998
0.727564740859141
0.690177593606394
0.674049804595405
0.685168204595405
0.732085408991009
0.774665215584416
0.801728134265734
0.828852143056943
0.836916037562438
0.824759105694306
0.80472154965035
0.784500723276723
0.76037012987013
0.739294041958042
0.717118332067932
0.704167228771229
0.711864582617383
0.741126745254745
0.755421830969031
0.775459387012987
0.775459387012987
0.779857874925075
0.77161071008991
0.757559984815185
0.742715088111888
0.7438758001998
0.744608881518482
0.744059070529471
0.746502674925075
0.750901162837163
0.758598516683317
0.769472556243756
0.796963105694306
0.816939571628372
0.860985540859141
0.884260872727273
0.889086991408591
0.885238314485515
0.859702648551449
0.826775079320679
0.779674604595405
0.733979202397603
0.709115527672328
0.689688872727273
0.701845804595405
0.717851413386614
0.755605101298701
0.792625707892108
0.829707404595405
0.840031633166833
0.854021268331668
0.863795685914086
0.837404758441559
0.820727158441559
0.792992248551449
0.770633268331668
0.764463167232767
0.734590103496504
0.721883360639361
0.746930305694306
0.773199052947053
0.784989444155844
0.794275140859141
0.792320257342657
0.808142595804196
0.791587176023976
0.77716991008991
0.755788371628372
0.755849461738262
0.78828831008991
1.02287433206793
0.695797883716284
0.203045057342657
-0.852592041558442
-1.98727974265734
-2.11978419100899
-1.66368543056943
-1.12273250749251
-0.966525096503497
-0.633706177822178
-0.439622898701299
-0.544514617382617
-1.92722816463536
-4.14534896463536
-6.1655988987013
-8.17723512727273
-9.65805939100899
-10.8733860371628
-11.9597514613387
-12.9762297998002
-13.7619097030969
-13.8750485866134
-12.8427479096903
-11.6788591360639
-10.4844863976024
-8.80420292507493
-6.64992128991009
-4.71892400639361
-3.19704718881119
-1.98037656023976
-0.602977852547453
1.26876202437562
3.33678442437562
5.31445455184815
6.6162237034965
7.42835562437563
7.86844877602398
8.06308186613387
8.17829781338661
8.18006942657343
8.00241938701299
7.62201127272727
6.86473827052947
5.65393229250749
4.29846493426574
3.07580747492508
1.88235108811189
0.561888362837163
-0.915209404195804
-2.48718011188811
-4.17864307452547
-5.92423187452548
-7.64526245034965
-9.1447191976024
-10.423579558042
-11.224654169031
-11.5741506877123
-11.8574866173826
-11.7777029338661
-11.3693155492508
-11.1011910569431
-10.9598285426573
-10.4194865206793
-9.17899074925075
-7.42326099100899
-5.95502128991009
-5.08705300859141
-4.8647460987013
-5.01655502177822
-5.19029529430569
-5.18058196683317
-5.06206715364635
-4.86248576463537
-4.5336377030969
-4.30442761078921
-4.2340518041958
-4.42117081078921
-4.5145164987013
-4.40369903936064
-3.97680135144855
-3.50268100859141
-3.03662456023976
-2.44618864815185
-1.86436644155844
-1.42598381298701
-1.22750204595405
-0.92394528991009
-0.227579127272727
0.411728872727273
0.562987984815185
0.479172354045954
0.261752652947053
0.157105294705295
-0.0010569998001998
-0.252076261338661
-0.387024314085914
-0.466197096503497
-0.383358907492508
-0.260201245954046
-0.21248987012987
-0.2512209998002
-0.328622169030969
-0.32892761958042
-0.357212340459541
-0.39582128991009
-0.323918230569431
-0.267654239360639
-0.179867751448551
-0.161846169030969
-0.25702456023976
-0.321657896503497
-0.255008586613387
-0.0966019316683317
0.109027378221778
0.297551457342657
0.427856661738262
0.483876292507493
0.392180037562438
0.228030912287712
0.0524579364635365
-0.138815197602398
-0.210412806393606
-0.189581078921079
-0.0726546085914086
0.106095052947053
0.152095905694306
-0.0132139316683317
-0.335403171228771
-0.742324393206793
-1.12505393166833
-1.44064543936064
-1.6169514965035
-1.66765628771229
-1.38578652067932
-0.686732393206793
-0.525026872327672
-0.913498881118881
-0.777267936063936
-0.349637166833167
-0.298565834965035
-0.674880911888112
-1.12047217342657
-1.32793418661339
-1.39140681078921
-1.37815025694306
-1.24326329430569
-0.974588991008991
-0.512931030569431
0.0519081254745255
0.58253681998002
1.04895980899101
1.45319306613387
1.84184834525475
2.21382602437562
2.51298429250749
2.74708159360639
2.92021096503497
3.05198233206793
3.20941154525475
3.25828363316683
3.22352336063936
3.10568053866134
2.94006525074925
2.77286161998002
2.57352459140859
2.32464348371628
2.08889674965035
1.90098357162837
1.7426990969031
1.60781213426573
1.48379921118881
1.41317904415584
1.37310393206793
1.31855046393606
1.26094249030969
1.1917273958042
1.1058347012987
1.00839597602398
0.915661189210789
0.838565470529471
0.776559008991009
0.746258314485515
0.734345743056943
0.751939694705295
0.779430244155844
0.800567422177822
0.832945180419581
0.881878358441559
0.917860433166833
0.952681795804196
0.983715571628372
1.01542133866134
1.03332074085914
1.05427464855145
1.07718343976024
1.09019563316683
1.08677458701299
1.07376239360639
1.06441560679321
1.07302931228771
1.08598041558442
1.09673227492507
1.11365423536464
1.12935439360639
1.13760155844156
1.16496992767233
1.20003565074925
1.24652522437562
1.30358338701299
1.34634646393606
1.29490859140859
1.23229122877123
1.18176970789211
1.10614015184815
1.00552474085914
0.934904573826174
0.90484823976024
0.906803123276723
0.9162110001998
0.916882991408592
0.915600099100899
0.899044679320679
0.896601074925075
0.885482674925075
0.837771299100899
0.675515967232767
0.363773136463536
0.153928608991009
0.1823966001998
0.496644125474526
1.12165703976024
1.687717998002
1.96085187932068
1.871171598002
1.59400576943057
1.38636048591409
1.21646889030969
1.02250779140859
0.755116380419581
0.422847272727273
0.0660199408591409
-0.274801782217782
-0.494603997602398
-0.627780437162837
-0.658386582217782
-0.608292692107892
-0.538833237162837
-0.505905667932068
-0.546286230569431
-0.673353659140859
-0.867681298701299
-1.06775140859141
-1.3068580987013
-1.52158983496504
-1.70443253386613
-1.96040009430569
-2.35614182617383
-2.87149799320679
-3.27475380859141
-3.49443384375624
-3.53481440639361
-3.51288305694306
-3.50463589210789
-3.48453724595405
-3.29430264375624
-2.95445836243756
-2.54478808551449
-2.17452092947053
-1.96266042837163
-1.89191808111888
-1.95380236243756
-2.14263189210789
-2.37953933826174
-2.5366631008991
-2.62927570749251
-2.70044568551449
-2.73257908331668
-2.68633387012987
-2.56409256023976
-2.39658347892108
-2.25454897342657
-2.14397587452547
-2.07488296023976
-2.01990186133866
-2.00212463936064
-2.01984077122877
-2.07732656463536
-2.14538094705295
-2.20152275804196
-2.26157433606394
-2.3297508987013
-2.35052153606394
-2.35058262617383
-2.35595855584416
-2.35986832287712
-2.34734485034965
-2.33317194485515
-2.30684210749251
-2.24508000639361
-2.17488747012987
-2.07146191408591
-1.95484089430569
-1.83913622617383
-1.72062141298701
-1.62697027452547
-1.56655215584416
-1.54303246353646
-1.542177201998
-1.56966775144855
-1.61780675804196
-1.6743761998002
-1.73045692067932
-1.78048972067932
-1.8071860987013
-1.80730827892108
-1.77957336903097
-1.71536766353646
-1.63307928551449
-1.55225707012987
-1.46587565474525
-1.3933006041958
-1.325368401998
-1.27649631408591
-1.23006783056943
-1.20612050749251
-1.1771637954046
-1.18211209430569
-1.17288748771229
-1.15566007672328
-1.1388602965035
-1.11692894705295
-1.09762447232767
-1.06872885034965
-1.03928341738262
-1.01197613826174
-0.987356823976024
-0.955956507492508
-0.906778969030969
-0.871346705294705
-0.819481201998002
-0.754970045954046
-0.685632771228771
-0.590943100899101
-0.491182951448552
-0.369124911888112
-0.247066872327672
-0.122015417382617
0.00719016503496503
0.1434822001998
0.267495123276723
0.387109558441558
0.495055782617383
0.601658024375624
0.695248072727273
0.768800565034965
0.839237461738262
0.897028705694306
0.943090648551449
0.979989074925075
0.995750323276723
1.00265350569431
1.00259241558442
0.997155395804196
0.974674235364635
0.955675211188811
0.933255140859141
0.900144301298701
0.86068009030969
0.803683017782218
0.737766789210789
0.6771654001998
0.630981277122877
0.624627905694306
0.651079923276723
0.711131501298701
0.820055167232767
0.904115158441559
0.948222217782218
0.952070894705295
0.931850068331669
0.873509013386613
0.791342815584416
0.705755571628372
0.603063096903097
0.514726798001998
0.428406472727273
0.348683879320679
0.278246982617383
0.231390868331668
0.189544143056943
0.158327096903097
0.144337461738262
0.120634499100899
0.104934340859141
0.0979700683316683
0.100047132067932
0.101146754045954
0.125643888111888
0.139205892507493
0.1601598001998
0.185634376023976
0.209581699100899
0.233345751848152
0.253505488111888
0.276353189210789
0.286127606793207
0.291320266133866
0.294008230969031
0.305798622177822
0.318627545254745
0.328096512287712
0.324125655144855
0.324858736463536
0.330417936463536
0.347095536463537
0.36560583976024
0.369454516683317
0.368049444155844
0.346667905694306
0.32669143976024
0.303355017782218
0.26016431008991
0.227358921078921
0.197485857342657
0.159609989210789
0.124971896903097
0.0947933826173826
0.0708460595404595
0.0366966881118881
0.0200190881118881
0.0119551936063936
0.00755670569430569
0.00156987492507492
0.0132380859140859
0.0243564859140859
0.0355970661338661
0.0467765562437562
0.0595443892107892
0.0672417430569431
0.0782379628371628
0.0855076859140859
0.0950988331668332
0.116419281518482
0.11562511008991
0.129859105694306
0.146903246353646
0.162542314485514
0.180014085914086
0.192598648551449
0.192109927672328
0.208359896903097
0.2101926001998
0.216545971628372
0.217767773826174
0.227908732067932
0.234689734265734
0.249595721078921
0.251367334265734
0.275009206793207
0.280996037562438
0.305493171628372
0.318444274925075
0.336832398001998
0.351677294705295
0.362490244155844
0.381672538661339
0.390713874925075
0.40464241998002
0.400549382617383
0.406963844155844
0.411362332067932
0.41563863976024
0.41582191008991
0.42138111008991
0.422969452947053
0.41582191008991
0.414783378221778
0.404092608991009
0.408979817782218
0.406963844155844
0.391813496903097
0.395967624375624
0.394196011188811
0.384910314485514
0.388881171628372
0.378740213386613
0.373669734265734
0.358947017782218
0.351860565034965
0.336526947452548
0.325408547452547
0.319055176023976
0.299995061738262
0.29351951008991
0.275436837562438
0.267983844155844
0.2491070001998
0.244830692507493
0.233895562837163
0.227114560639361
0.210681321078921
0.20445012987013
0.195836424375624
0.182824230969031
0.170606208991009
0.159121268331668
0.155394771628372
0.135296125474525
0.125216257342657
0.113792406793207
0.102612916683317
0.0845913342657343
0.0802539364635365
0.0724344023976024
0.0510528639360639
0.0465321958041958
0.0457380243756244
0.0335200023976024
0.0314429386613387
0.0359636067932068
0.0363912375624376
0.0337032727272727
0.0348028947052947
0.0463489254745255
0.0543517298701299
0.0578338661338661
0.0710293298701299
0.0778714221778222
0.0890509122877123
0.107500125474525
0.103407088111888
0.12112321998002
0.138411721078921
0.147330877122877
0.163031035364635
0.177265030969031
0.176409769430569
0.185817646353646
0.203839228771229
0.206771554045954
0.216851422177822
0.219844837562438
0.229252714485515
0.239515852947053
0.237560969430569
0.241226376023976
0.256498903496504
0.259736679320679
0.264074077122877
0.275375747452547
0.27122161998002
0.279835325474526
0.283073101298701
0.285944336463536
0.294924582617383
0.293763870529471
0.303538288111888
0.307142604595405
0.313862516683317
0.312151993606394
0.308547677122877
0.323514754045954
0.328279782617383
0.331884099100899
0.33780983976024
0.336221496903097
0.341414156243756
0.344651932067932
0.358336116683317
0.358885927672328
0.352043835364635
0.358763747452547
0.357419765034965
0.360657540859141
0.362184793606394
0.356381233166833
0.349600230969031
0.34349121998002
0.339886903496504
0.332006279320679
0.32143769030969
0.320582428771229
0.309708389210789
0.299628521078921
0.28777703976024
0.283500732067932
0.268411474925075
0.263768626573427
0.252100415584416
0.245013962837163
0.234139923276723
0.230963237562438
0.22662583976024
0.21544634965035
0.216423791408591
0.21000932987013
0.202128705694306
0.192965189210789
0.192109927672328
0.179158824375624
0.179036644155844
0.170178578221778
0.16584118041958
0.16541354965035
0.160343070529471
0.147147606793207
0.145925804595405
0.142138217782218
0.138594991408591
0.134013233166833
0.138167360639361
0.128820573826174
0.131752899100899
0.130531096903097
0.1268046001998
0.128942754045954
0.131813989210789
0.128637303496503
0.134868494705295
0.134624134265734
0.140061154045954
0.142565848551449
0.139572433166833
0.147269787012987
0.139083712287712
0.153256617782218
0.16003761998002
0.156494393606394
0.163336485914086
0.159121268331668
0.163519756243756
0.170484028771229
0.164069567232767
0.168956776023976
0.172072371628372
0.167368433166833
0.17671521998002
0.175371237562438
0.175982138661339
0.173538534265734
0.17653194965035
0.174088345254745
0.173966165034965
0.172744362837163
0.177265030969031
0.172438912287712
0.17097274965035
0.168468055144855
0.168101514485514
0.172072371628372
0.169812037562438
0.169506587012987
0.166024450749251
0.172072371628372
0.172133461738262
0.167551703496504
0.179403184815185
0.174393795804196
0.18245769030969
0.178975554045954
0.1823966001998
0.183496222177822
0.187222718881119
0.188811061738262
0.193698270529471
0.192965189210789
0.196936046353646
0.199807281518482
0.196386235364635
0.195164433166833
0.204877760639361
0.204022499100899
0.206405013386613
0.202128705694306
0.193881540859141
0.201945435364635
0.195958604595405
0.203350507892108
0.196691685914086
0.195164433166833
0.201701074925075
0.204999940859141
0.198585479320679
0.207565725474525
0.203778138661339
0.201639984815185
0.208909707892108
0.212941655144855
0.210620230969031
0.206832644155844
0.218745215584416
0.215079808991009
0.214041277122877
0.219478296903097
0.223937874925075
0.224121145254745
0.232979211188811
0.22662583976024
0.229130534265734
0.239943483716284
0.236705707892108
0.247396477122877
0.248312828771229
0.245808134265734
0.255399281518482
0.249595721078921
0.253505488111888
0.262791184815185
0.266700951848152
0.264868248551449
0.26554023976024
0.26590678041958
0.270305268331668
0.267678393606394
0.277330630969031
0.276047738661339
0.281484758441558
0.280812767232767
0.28227892987013
0.280140776023976
0.28209565954046
0.290098463936064
0.288265760639361
0.290220644155844
0.28771594965035
0.292114437562438
0.295046762837163
0.297551457342657
0.300056151848152
0.300300512287712
0.302194305694306
0.303049567232767
0.300361602397602
0.300483782617383
0.302621936463537
0.300605962837163
0.305554261738262
0.309402938661339
0.307753505694306
0.305004450749251
0.304149189210789
0.300361602397602
0.296818376023976
0.306226252947053
0.301949945254745
0.307203694705295
0.306409523276723
0.303782648551449
0.308425496903097
0.308914217782218
0.303171747452547
0.304271369430569
0.307325874925075
0.306898244155844
0.302560846353646
0.297979088111888
0.29920089030969
0.294680222177822
0.295535483716284
0.286188696903097
0.286677417782218
0.286188696903097
0.279224424375624
0.278980063936064
0.28252329030969
0.281118217782218
0.27116052987013
0.273665224375624
0.268655835364635
0.264868248551449
0.269999817782218
0.264012987012987
0.260958481518482
0.256132362837163
0.264257347452547
0.258087246353646
0.255216011188811
0.257720705694306
0.258453787012987
0.259064688111888
0.260653030969031
0.262974455144855
0.266273321078921
0.255154921078921
0.256682173826174
0.255826912287712
0.261752652947053
0.252222595804196
0.25998103976024
0.255338191408591
0.260530850749251
0.257903976023976
0.262730094705295
0.257781795804196
0.25460511008991
0.259736679320679
0.264868248551449
0.267311852947053
0.257048714485514
0.260591940859141
0.24898481998002
0.247701927672328
0.253566578221778
0.250389892507493
0.242936899100899
0.256132362837163
0.24342561998002
0.249717901298701
0.250023351848152
0.250573162837163
0.252589136463536
0.25472729030969
0.258392696903097
0.255949092507493
0.261141751848152
0.264807158441558
0.264257347452547
0.265967870529471
0.263768626573427
0.274825936463536
0.268411474925075
0.274276125474526
0.269388916683317
0.280751677122877
0.284111633166833
0.280934947452547
0.290648274925075
0.280385136463536
0.28814358041958
0.288998841958042
0.294069321078921
0.288632301298701
0.295168943056943
0.288449030969031
0.289304292507493
0.295779844155844
0.297673637562438
0.292542068331668
0.291931167232767
0.291381356243756
0.289976283716284
0.288265760639361
0.292786428771229
0.287532679320679
0.287349408991009
0.290770455144855
0.28252329030969
0.28240111008991
0.284050543056943
0.281179307892108
0.28221783976024
0.276047738661339
0.278735703496504
0.283684002397602
0.278246982617383
0.285089074925075
0.275925558441558
0.280568406793207
0.272443422177822
0.278124802397602
0.283867272727273
0.278491343056943
0.284111633166833
0.281606938661339
0.279713145254745
0.286799598001998
0.279102244155844
0.278552433166833
0.285577795804196
0.288387940859141
0.286738507892108
0.289182112287712
0.294374771628372
0.292297707892108
0.289426472727273
0.283684002397602
0.291014815584416
0.292786428771229
0.29364169030969
0.295413303496504
0.298406718881119
0.302011035364635
0.299872881518482
0.303599378221778
0.301400134265734
0.305432081518482
0.305309901298701
0.305187721078921
0.313862516683317
0.314656688111888
0.304271369430569
0.302560846353646
0.307936776023976
0.319849347452547
0.313862516683317
0.317650103496504
0.314045787012987
0.314290147452547
0.31557303976024
0.308608767232767
0.313312705694306
0.317711193606394
0.308181136463537
0.306042982617383
0.31007492987013
0.307692415584416
0.31031929030969
0.311357822177822
0.305981892507493
0.310991281518482
0.306714973826174
0.306287343056943
0.312151993606394
0.298345628771229
0.318871905694306
0.308364406793207
0.306348433166833
0.31545085954046
0.31019711008991
0.32131551008991
0.314534507892108
0.312946165034965
0.318810815584416
0.318505365034965
0.317405743056943
0.316672661738262
0.312335263936064
0.317405743056943
0.319299536463536
0.310930191408591
0.309708389210789
0.307753505694306
0.295718754045954
0.295230033166833
0.303049567232767
0.299995061738262
0.298467808991009
0.296146384815185
0.294985672727273
0.298712169430569
0.296574015584416
0.298528899100899
0.290831545254745
0.293886050749251
0.286005426573427
0.283989452947053
0.29364169030969
0.287043958441559
0.289915193606394
0.288204670529471
0.290281734265734
0.285944336463536
0.288387940859141
0.283073101298701
0.290098463936064
0.290587184815185
0.294802402397602
0.292542068331668
0.286433057342657
0.287593769430569
0.290098463936064
0.286127606793207
0.283867272727273
0.285394525474525
0.283622912287712
0.288326850749251
0.283989452947053
0.281606938661339
0.279102244155844
0.280079685914086
0.278369162837163
0.271954701298701
0.270671808991009
0.273298683716284
0.280262956243756
0.281179307892108
0.283317461738262
0.274215035364635
0.270366358441558
0.280262956243756
0.283439641958042
0.279224424375624
0.281301488111888
0.281362578221778
0.277269540859141
0.28240111008991
0.277758261738262
0.279102244155844
0.281851299100899
0.290281734265734
0.279652055144855
0.285638885914086
0.278185892507493
0.275620107892108
0.284905804595405
0.277452811188811
0.279041154045954
0.273970674925075
0.272993233166833
0.274887026573427
0.272626692507493
0.274031765034965
0.271771430969031
0.265112608991009
0.271771430969031
0.273237593606394
0.273237593606394
0.270427448551449
0.270183088111888
0.275131387012987
0.273237593606394
0.27122161998002
0.272565602397602
0.271771430969031
0.276292099100899
0.276169918881119
0.273298683716284
0.272687782617383
0.272809962837163
0.272993233166833
0.278369162837163
0.272321241958042
0.278430252947053
0.279529874925075
0.282767650749251
0.271832521078921
0.280629496903097
0.278063712287712
0.280446226573427
0.276292099100899
0.27665863976024
0.275070296903097
0.278308072727273
0.277391721078921
0.271588160639361
0.273909584815185
0.268900195804196
0.274153945254745
0.278185892507493
0.269877637562438
0.272809962837163
0.27109943976024
0.260958481518482
0.267922754045954
0.268228204595405
0.26554023976024
0.256010182617383
0.260836301298701
0.264135167232767
0.251917145254745
0.26016431008991
0.259553408991009
0.256743263936064
0.256804354045954
0.257903976023976
0.259186868331668
0.257170894705295
0.257965066133866
0.256498903496504
0.254971650749251
0.256559993606394
0.259492318881119
0.263218815584416
0.258637057342657
0.252528046353646
0.252589136463536
0.257720705694306
0.263646446353646
0.267006402397602
0.264318437562438
0.262302463936064
0.264929338661339
0.267434033166833
0.262607914485515
0.274092855144855
0.272321241958042
0.272687782617383
0.270060907892108
0.273298683716284
0.271649250749251
0.273481954045954
0.275009206793207
0.27109943976024
0.275681198001998
0.272809962837163
0.278796793606394
0.270305268331668
0.276169918881119
0.283561822177822
0.275864468331668
0.277636081518482
0.27128271008991
0.273787404595405
0.276292099100899
0.278613523276723
0.27665863976024
0.273909584815185
0.269511096903097
0.274031765034965
0.272993233166833
0.271893611188811
0.277574991408591
0.270121998001998
0.269083466133866
0.270427448551449
0.27109943976024
0.267678393606394
0.270305268331668
0.264684978221778
0.265173699100899
0.26560132987013
0.258087246353646
0.252894587012987
0.257170894705295
0.254238569430569
0.248679369430569
0.260958481518482
0.258514877122877
0.251917145254745
0.253077857342657
0.243914340859141
0.249717901298701
0.249778991408591
0.242509268331668
0.246235765034965
0.24880154965035
0.246113584815185
0.245624863936064
0.242936899100899
0.242509268331668
0.232734850749251
0.240737655144855
0.23255158041958
0.235667176023976
0.232795940859141
0.231513048551449
0.230963237562438
0.233101391408591
0.229680345254745
0.228947263936064
0.228397452947053
0.236094806793207
0.227358921078921
0.227908732067932
0.231635228771229
0.229741435364635
0.22656474965035
0.226442569430569
0.23236831008991
0.22112772987013
0.227420011188811
0.227236740859141
0.227725461738262
0.221616450749251
0.223082613386613
0.225465127672328
0.220333558441558
0.224854226573427
0.216912512287712
0.227114560639361
0.226381479320679
0.220883369430569
0.224060055144855
0.225342947452547
0.219172846353646
0.224365505694306
0.225159677122877
0.22656474965035
0.219905927672328
0.223449154045954
0.219050666133866
0.213919096903097
0.216668151848152
0.214468907892108
0.209215158441558
0.207993356243756
0.206160652947053
0.205549751848152
0.202617426573427
0.201273444155844
0.202311976023976
0.20438903976024
0.202922877122877
0.200723633166833
0.199318560639361
0.195042252947053
0.195408793606394
0.196997136463536
0.192843008991009
0.19314845954046
0.192537558441558
0.18771143976024
0.194125901298701
0.185756556243756
0.188933241958042
0.184046033166833
0.181174798001998
0.185390015584416
0.185390015584416
0.181785699100899
0.184412573826174
0.179281004595405
0.176348679320679
0.17121711008991
0.176287589210789
0.174515976023976
0.174515976023976
0.168590235364635
0.169445496903097
0.17677631008991
0.177570481518482
0.172133461738262
0.17091165954046
0.177570481518482
0.167979334265734
0.164436107892108
0.16584118041958
0.169812037562438
0.173660714485515
0.172133461738262
0.166329901298701
0.169201136463536
0.16535245954046
0.164375017782218
0.16535245954046
0.170606208991009
0.162969945254745
0.163458666133866
0.156860934265734
0.158449277122877
0.155150411188811
0.163092125474526
0.162969945254745
0.151179554045954
0.156066762837163
0.156311123276723
0.161259422177822
0.160831791408591
0.156677663936064
0.149774481518482
0.155761312287712
0.157777285914086
0.157532925474525
0.152706806793207
0.158449277122877
0.161442692507493
0.160526340859141
0.156250033166833
0.155272591408591
0.154172969430569
0.160526340859141
0.162542314485514
0.162481224375624
0.160892881518482
0.166268811188811
0.160953971628372
0.165047008991009
0.166207721078921
0.170300758441558
0.164619378221778
0.168101514485514
0.169812037562438
0.166879712287712
0.165108099100899
0.170422938661339
0.16009871008991
0.170422938661339
0.159548899100899
0.161992503496504
0.16022089030969
0.163703026573427
0.161076151848152
0.163275395804196
0.155944582617383
0.158204916683317
0.153867518881119
0.152951167232767
0.141832767232767
0.157105294705295
0.150324292507493
0.140427694705295
0.139450252947053
0.140977505694306
0.13786191008991
0.13767863976024
0.142077127672328
0.133707782617383
0.130408916683317
0.129309294705295
0.124849716683317
0.129309294705295
0.119412696903097
0.122283932067932
0.123078103496503
0.120084688111888
0.118740705694306
0.11018809030969
0.118068714485514
0.114769848551449
0.108049936463536
0.102551826573427
0.101940925474525
0.118496345254745
0.108599747452547
0.109027378221778
0.106705954045954
0.103895808991009
0.105972872727273
0.105361971628372
0.106828134265734
0.105667422177822
0.108783017782218
0.107622305694306
0.105545241958042
0.111898613386613
0.110615721078921
0.11006591008991
0.106644863936064
0.11006591008991
0.106828134265734
0.10468998041958
0.110860081518482
0.113914587012987
0.11544183976024
0.116480371628372
0.112570604595405
0.109027378221778
0.110921171628372
0.117274543056943
0.12100103976024
0.122222841958042
0.119901417782218
0.114892028771229
0.123627914485514
0.114525488111888
0.121856301298701
0.117641083716284
0.120695589210789
0.127598771628372
0.119351606793207
0.121978481518482
0.117396723276723
0.118496345254745
0.119412696903097
0.124971896903097
0.120023598001998
0.126193699100899
0.124422085914086
0.126010428771229
0.117946534265734
0.126987870529471
0.131203088111888
0.124849716683317
0.125460617782218
0.127720951848152
0.127904222177822
0.130897637562438
0.125643888111888
0.124544266133866
0.128026402397602
0.127537681518482
0.132730340859141
0.134624134265734
0.137189918881119
0.141160776023976
0.13224161998002
0.133891052947053
0.135784846353646
0.13205834965035
0.140488784815185
0.134990674925075
0.134929584815185
0.135112855144855
0.130408916683317
0.13218052987013
0.128087492507493
0.128759483716284
0.125216257342657
0.125032987012987
0.123750094705295
0.120023598001998
0.124971896903097
0.113975677122877
0.108111026573427
0.113364776023976
0.118801795804196
0.115930560639361
0.111654252947053
0.104873250749251
0.10976045954046
0.101391114485514
0.106767044155844
0.102124195804196
0.105056521078921
0.107316855144855
0.10444561998002
0.107744485914086
0.104751070529471
0.110615721078921
0.101146754045954
0.102918367232767
0.105056521078921
0.104934340859141
0.103895808991009
0.10468998041958
0.10994372987013
0.105300881518482
0.106461593606394
0.0998638617382617
0.106767044155844
0.111104441958042
0.108905198001998
0.117213452947053
0.110982261738262
0.119107246353646
0.11574729030969
0.108844107892108
0.109332828771229
0.111776433166833
0.117763263936064
0.122894833166833
0.120329048551449
0.118679615584416
0.121611940859141
0.122345022177822
0.122650472727273
0.123811184815185
0.125094077122877
0.126315879320679
0.131264178221778
0.114953118881119
0.114586578221778
0.130225646353646
0.129187114485515
0.124788626573427
0.127659861738262
0.128637303496503
0.125766068331668
0.132730340859141
0.120267958441558
0.127354411188811
0.127965312287712
0.127476591408591
0.128698393606394
0.122589382617383
0.124788626573427
0.123261373826174
0.129431474925075
0.125582798001998
0.122833743056943
0.129064934265734
0.122589382617383
0.122100661738262
0.124666446353646
0.119168336463536
0.126071518881119
0.118068714485514
0.124238815584416
0.119840327672328
0.117335633166833
0.119595967232767
0.116358191408591
0.11574729030969
0.118679615584416
0.118068714485514
0.114892028771229
0.118007624375624
0.111532072727273
0.111593162837163
0.10982154965035
0.105117611188811
0.116602551848152
0.116174921078921
0.116052740859141
0.115136389210789
0.116663641958042
0.116113830969031
0.116724732067932
0.120329048551449
0.126315879320679
0.124788626573427
0.12668241998002
0.124422085914086
0.124360995804196
0.127476591408591
0.131203088111888
0.139511343056943
0.141649496903097
