-0.266921158041958
-0.26802078001998
-0.270220023976024
-0.265088454745255
-0.26808187012987
-0.276023584415585
-0.283598758041958
-0.283904208591409
-0.288424876723277
-0.296977492107892
-0.299726547052947
-0.303391953646354
-0.303880674525475
-0.305224656943057
-0.3068129998002
-0.310661676723277
-0.309684234965035
-0.314143812987013
-0.311639118481518
-0.318786661338661
-0.31811467012987
-0.316220876723277
-0.328377808591409
-0.3290497998002
-0.338579856943057
-0.333631558041958
-0.343894696503497
-0.353302573426573
-0.350675698701299
-0.357639971228771
-0.372912498701299
-0.371385245954046
-0.376700085514486
-0.381281843756244
-0.389712278921079
-0.398753615184815
-0.399792147052947
-0.411399267932068
-0.408589122877123
-0.419157711888112
-0.420868234965035
-0.427588147052947
-0.438217826173826
-0.44011161958042
-0.439256358041958
-0.448969685514486
-0.457949931668332
-0.463448041558442
-0.475666063536464
-0.48476848991009
-0.482508155844156
-0.496314520679321
-0.505539127272727
-0.511770318481519
-0.521728006393606
-0.524110520679321
-0.531319153646354
-0.543659355844156
-0.541154661338661
-0.554655575624376
-0.561497667932068
-0.560642406393606
-0.568828481118881
-0.582634845954046
-0.581901764635365
-0.582634845954046
-0.59021001958042
-0.591492911888112
-0.594730687712288
-0.592103812987013
-0.61287445034965
-0.604444015184815
-0.614523883316683
-0.617456208591409
-0.613790801998002
-0.626864085514486
-0.619777632767233
-0.625642283316683
-0.630162951448552
-0.630346221778222
-0.628024797602398
-0.631445843756244
-0.627780437162837
-0.626741905294705
-0.635722151448551
-0.650933588811189
-0.651911030569431
-0.660830186613387
-0.652155391008991
-0.656187338261738
-0.653499373426573
-0.646535100899101
-0.635355610789211
-0.632545465734266
-0.630896032767233
-0.628635698701299
-0.621915786613387
-0.610308665734266
-0.607620700899101
-0.607987241558442
-0.591737272327672
-0.597907373426574
-0.592103812987013
-0.587155514085914
-0.576586925074925
-0.564796533866134
-0.565529615184815
-0.557465720679321
-0.561497667932068
-0.554289034965035
-0.552883962437562
-0.554533395404595
-0.549585096503497
-0.546713861338661
-0.539444138261738
-0.5347401998002
-0.5347401998002
-0.529669720679321
-0.520200753646354
-0.522644358041958
-0.514458283316683
-0.51787932947053
-0.520750564635365
-0.513664111888112
-0.507616191008991
-0.50120172947053
-0.496192340459541
-0.495031628371628
-0.493565465734266
-0.482263795404595
-0.477254406393606
-0.471450845954046
-0.465219654745255
-0.456361588811189
-0.450435848151848
-0.450008217382617
-0.442738494305694
-0.444265747052947
-0.433330617382617
-0.439378538261738
-0.436996023976024
-0.425694353646354
-0.422334397602398
-0.430520472327672
-0.42935976023976
-0.426488525074925
-0.416958467932068
-0.416469747052947
-0.410666186613387
-0.413720692107892
-0.401075039360639
-0.409505474525475
-0.411338177822178
-0.399853237162837
-0.397104182217782
-0.392950054745255
-0.387268674525475
-0.380548762437563
-0.377249896503497
-0.366070406393606
-0.363871162437562
-0.366681307492507
-0.364604243756244
-0.372973588811189
-0.372973588811189
-0.372240507492508
-0.374806292107892
-0.362160639360639
-0.367719839360639
-0.365520595404595
-0.358128692107892
-0.347071382217782
-0.35116441958042
-0.354585465734266
-0.352080771228771
-0.347621193206793
-0.34584958001998
-0.366986758041958
-0.354035654745255
-0.349270626173826
-0.354768736063936
-0.35159205034965
-0.34597176023976
-0.353791294305694
-0.366436947052947
-0.362099549250749
-0.353546933866134
-0.357701061338661
-0.358128692107892
-0.365520595404595
-0.359655944855145
-0.358189782217782
-0.361916278921079
-0.363993342657343
-0.363015900899101
-0.361977369030969
-0.359045043756244
-0.358250872327672
-0.35134768991009
-0.354341105294705
-0.356234898701299
-0.358617412987013
-0.352080771228771
-0.357273430569431
-0.357395610789211
-0.35153096023976
-0.354707645954046
-0.35122550969031
-0.354341105294705
-0.352325131668332
-0.349392806393606
-0.343344885514486
-0.354952006393606
-0.347926643756244
-0.347071382217782
-0.346949201998002
-0.336563883316683
-0.335891892107892
-0.339679478921079
-0.336136252547453
-0.337113694305694
-0.331982125074925
-0.330393782217782
-0.32361278001998
-0.329538520679321
-0.321474626173826
-0.321108085514486
-0.322024437162837
-0.323246239360639
-0.315609975624376
-0.31225001958042
-0.31267765034965
-0.303208683316683
-0.318481210789211
-0.308890063536464
-0.307912621778222
-0.312005659140859
-0.313532911888112
-0.317687039360639
-0.312066749250749
-0.316770687712288
-0.315915426173826
-0.314571443756244
-0.311822388811189
-0.312860920679321
-0.307973711888112
-0.303269773426573
-0.299726547052947
-0.29606114045954
-0.293984076723277
-0.29031867012987
-0.289280138261738
-0.287264164635365
-0.289402318481519
-0.282560226173826
-0.27920027012987
-0.280055531668332
-0.280238801998002
-0.272480358041958
-0.280910793206793
-0.284148569030969
-0.276145764635365
-0.274190881118881
-0.274740692107892
-0.275412683316683
-0.271930547052947
-0.275657043756244
-0.276390125074925
-0.279627900899101
-0.27357998001998
-0.274251971228771
-0.272297087712288
-0.271564006393606
-0.266798977822178
-0.258307452547453
-0.265149544855145
-0.263683382217782
-0.260689966833167
-0.269731303096903
-0.255130766833167
-0.25696347012987
-0.246700331668332
-0.25665801958042
-0.258673993206793
-0.254031144855145
-0.260140155844156
-0.258551812987013
-0.253970054745255
-0.264172103096903
-0.26246158001998
-0.246639241558442
-0.247922133866134
-0.248410854745255
-0.245356349250749
-0.244439997602398
-0.232588516283716
-0.233260507492508
-0.243890186613387
-0.245173078921079
-0.231427804195804
-0.23484885034965
-0.227273676723277
-0.228495478921079
-0.236437193206793
-0.231244533866134
-0.238880797602398
-0.243157105294705
-0.244195637162837
-0.238575347052947
-0.246211610789211
-0.241568762437562
-0.237720085514486
-0.241874212987013
-0.235704111888112
-0.237842265734266
-0.226540595404595
-0.226051874525475
-0.222081017382617
-0.216094186613387
-0.209801905294705
-0.215605465734266
-0.201860191008991
-0.215055654745255
-0.200638388811189
-0.205647777822178
-0.200271848151848
-0.197034072327672
-0.208763373426573
-0.200943839360639
-0.204242705294705
-0.194101747052947
-0.199233316283716
-0.199477676723277
-0.193735206393606
-0.194712648151848
-0.190741791008991
-0.191108331668332
-0.189458898701299
-0.188420366833167
-0.183044437162837
-0.178218318481519
-0.172964569030969
-0.178157228371628
-0.164473043756244
-0.160257826173826
-0.157997492107892
-0.153904454745255
-0.149933597602398
-0.148039804195804
-0.143458045954046
-0.150972129470529
-0.145229659140859
-0.143091505294705
-0.135943962437562
-0.134050169030969
-0.143702406393606
-0.142297333866134
-0.136677043756244
-0.136493773426573
-0.130445852547453
-0.134233439360639
-0.122992859140859
-0.127757887712288
-0.124397931668332
-0.109491944855145
-0.115967496503497
-0.118411100899101
-0.112974081118881
-0.104116015184815
-0.10662070969031
-0.103993834965035
-0.101794591008991
-0.0906151008991009
-0.084017369030969
-0.0804741426573427
-0.0755258437562438
-0.0831010173826174
-0.0777250877122877
-0.0774196371628372
-0.0787025294705295
-0.0719215272727273
-0.0725935184815185
-0.0735709602397603
-0.0714328063936064
-0.063430001998002
-0.0700277338661339
-0.0754036635364636
-0.0654459756243756
-0.0687448415584416
-0.0729600591408592
-0.0809017734265734
-0.0737542305694306
-0.0730822393606394
-0.0668510481518482
-0.0688059316683317
-0.0651405250749251
-0.0652016151848152
-0.0575653514485515
-0.058420612987013
-0.0606809470529471
-0.0518228811188811
-0.0572599008991009
-0.0519450613386614
-0.0515785206793207
-0.0582984327672328
-0.0604365866133866
-0.0608031272727273
-0.052861412987013
-0.048401834965035
-0.0570766305694306
-0.053961034965035
-0.0613529382617383
-0.0606809470529471
-0.0545719360639361
-0.0578097118881119
-0.0535334041958042
-0.0454084195804196
-0.0470578525474526
-0.0513341602397602
-0.0402157602397602
-0.0388717778221778
-0.0330071272727273
-0.0312966041958042
-0.0371612547452548
-0.0365503536463537
-0.0383219668331668
-0.0425982745254745
-0.039543769030969
-0.0431480855144855
-0.0413153822177822
-0.0396048591408592
-0.0364281734265734
-0.0338623888111888
-0.0386274173826174
-0.0312966041958042
-0.02897518001998
-0.0247599624375624
-0.0283031888111888
-0.025615223976024
-0.0204225646353646
-0.0348398305694306
-0.0364892635364635
-0.0326405866133866
-0.0321518657342657
-0.0377721558441559
-0.027875558041958
-0.0347787404595405
-0.0355118217782218
-0.0405212107892108
-0.0309300635364635
-0.0375888855144855
-0.0296471712287712
-0.0412542921078921
-0.0369168943056943
-0.0188953118881119
-0.0206669250749251
-0.0115034085914086
-0.0177345998001998
-0.0169404283716284
-0.0182233206793207
-0.0159018965034965
-0.0172458789210789
-0.0237825206793207
-0.0224996283716284
-0.0253708635364635
-0.0188953118881119
-0.0327627668331668
-0.0330682173826174
-0.0225607184815185
-0.02897518001998
-0.0243934217782218
-0.0243323316683317
-0.0281810085914086
-0.0168182481518482
-0.0151077250749251
-0.011747769030969
-0.00948743496503497
-0.00612747892107893
0.000653523276723272
-0.00252316243756244
-0.0047224063936064
-0.00368387452547453
-1.8467932067931E-05
-0.000629369030969038
-0.00111808991008991
-0.00423368551448552
-0.0035006041958042
-0.00734928111888113
-0.0127863008991009
-0.00667728991008991
0.00187532547452547
-0.00282861298701299
-0.011197958041958
-0.0035006041958042
-0.00502785694305695
0.00132551448551448
0.00407456943056943
-0.000385008591408595
0.0118330133866134
-0.00179008111888113
0.00193641558441558
0.0145209782217782
0.00547964195804195
0.00468547052947053
0.0118330133866134
0.0186140155844156
0.0181252947052947
0.0114664727272727
0.0167202221778222
0.0115275628371628
0.0204467188811189
0.0167202221778222
0.0222794221778222
0.0241121254745255
0.0180031144855145
0.0139711672327672
0.0182474749250749
0.0222183320679321
0.0300378661338661
0.0354748859140859
0.0371243188811189
0.0387126617382617
0.0425002485514486
0.0426835188811189
0.030526587012987
0.0359636067932068
0.0388959320679321
0.0409729958041958
0.0392013826173826
0.0451271232767233
0.0371243188811189
0.0445162221778222
0.0449438529470529
0.0339476331668332
0.0388959320679321
0.0362079672327672
0.0431111496503497
0.0531299276723277
0.0440275012987013
0.0428667892107892
0.0431722397602398
0.0475707276723277
0.0490979804195804
0.0656534001998002
0.0624156243756244
0.0665086617382617
0.0707849694305694
0.0673639232767233
0.0588113078921079
0.0597276595404595
0.0596054793206793
0.0598498397602398
0.0636374265734266
0.0686468155844156
0.0698075276723277
0.0600331100899101
0.0618047232767233
0.0698075276723277
0.0737172947052947
0.0720067716283716
0.0763441694305694
0.0841026133866134
0.0798873958041958
0.0844691540459541
0.0867905782217782
0.0928384991008991
0.091677787012987
0.0885621914085914
0.0869738485514486
0.0933883100899101
0.0918610573426573
0.0823310001998002
0.0889287320679321
0.0918610573426573
0.0889898221778222
0.0850800551448551
0.0830029914085914
0.0879512903096903
0.0946712023976024
0.0887454617382617
0.102307466133866
0.0976646177822178
0.106156143056943
0.104017989210789
0.116052740859141
0.107988846353646
0.102735096903097
0.10468998041958
0.0990086001998002
0.0966260859140859
0.0898450837162837
0.096137365034965
0.101085663936064
0.102124195804196
0.105728512287712
0.110310270529471
0.106095052947053
0.110982261738262
0.113059325474525
0.108477567232767
0.117824354045954
0.117824354045954
0.122955923276723
0.126071518881119
0.133219061738262
0.136945558441558
0.130042376023976
0.137434279320679
0.131447448551449
0.137128828771229
0.14323783976024
0.121489760639361
0.131019817782218
0.134074323276723
0.132974701298701
0.12656023976024
0.126376969430569
0.12093994965035
0.133341241958042
0.13755645954046
0.138411721078921
0.147453057342657
0.149591211188811
0.150996283716284
0.153867518881119
0.158510367232767
0.148002868331668
0.142443668331668
0.15435623976024
0.147208696903097
0.133341241958042
0.139816793606394
0.144093101298701
0.141954947452547
0.146536705694306
0.142016037562438
0.145986894705295
0.14891921998002
0.145498173826174
0.14879703976024
0.154172969430569
0.155761312287712
0.15447841998002
0.161381602397602
0.157349655144855
0.158327096903097
0.156555483716284
0.160526340859141
0.170300758441558
0.158999088111888
0.155272591408591
0.149530121078921
0.149652301298701
0.143970921078921
0.147880688111888
0.142626938661339
0.144520732067932
0.149835571628372
0.152218085914086
0.16028198041958
0.155516951848152
0.164008477122877
0.168162604595405
0.167368433166833
0.169017866133866
0.16578009030969
0.150568652947053
0.1434822001998
0.14342111008991
0.139266982617383
0.142688028771229
0.145192723276723
0.1434822001998
0.147697417782218
0.145498173826174
0.153928608991009
0.148308318881119
0.152828987012987
0.151607184815185
0.141954947452547
0.144398551848152
0.142871299100899
0.13780081998002
0.135784846353646
0.130897637562438
0.135479395804196
0.135357215584416
0.13224161998002
0.137312099100899
0.127965312287712
0.128881663936064
0.128331852947053
0.129064934265734
0.135968116683317
0.144093101298701
0.145070543056943
0.141160776023976
0.138533901298701
0.133707782617383
0.134013233166833
0.121673030969031
0.12087885954046
0.108477567232767
0.102918367232767
0.110615721078921
0.112814965034965
0.101574384815185
0.112020793606394
0.109088468331668
0.104995430969031
0.117396723276723
0.117763263936064
0.12106212987013
0.106522683716284
0.107194674925075
0.108172116683317
0.110371360639361
0.103407088111888
0.101146754045954
0.0869738485514486
0.0944879320679321
0.0819033694305694
0.0852633254745255
0.0952210133866134
0.0894174529470529
0.0970537166833167
0.101696565034965
0.110371360639361
0.107316855144855
0.104995430969031
0.100108222177822
0.092777408991009
0.0897839936063936
0.0776881518481519
0.0691355364635365
0.0611327320679321
0.0630876155844156
0.0698075276723277
0.0662032111888112
0.0748169166833167
0.077199430969031
0.0875847496503497
0.0776881518481519
0.0724344023976024
0.0665086617382617
0.0547793606393606
0.0501976023976024
0.0372464991008991
0.0155595100899101
-0.0168793382617383
-0.0276922877122877
-0.0686837514485515
-0.0874995052947053
-0.103749474525475
-0.107659241558442
-0.0943415976023976
-0.0582984327672328
-0.0251875932067932
-0.000751549250749259
0.0109777518481518
0.0106723012987013
0.0137878969030969
-0.00679947012987013
-0.0210334657342657
-0.0346565602397602
-0.0414375624375624
-0.047852023976024
-0.0615362085914086
-0.0571988107892108
-0.0592147844155844
-0.0538388547452548
-0.0616583888111888
-0.0608642173826174
-0.0653237954045954
-0.0775418173826174
-0.0699055536463536
-0.0742429514485514
-0.0622692899100899
-0.0633078217782218
-0.0682561206793207
-0.0570155404595405
-0.0567100899100899
-0.0564046393606394
-0.0582984327672328
-0.0592147844155844
-0.0447364283716284
-0.0363059932067932
-0.0463247712287712
-0.0449196987012987
-0.053411223976024
-0.074548401998002
-0.0820013954045954
-0.102588762437562
-0.102222221778222
-0.100756059140859
-0.0956244899100899
-0.0883547668331668
-0.0850559008991009
-0.0721658877122877
-0.0652016151848152
-0.0654459756243756
-0.0605587668331669
-0.0646518041958042
-0.0706997250749251
-0.0805963228771229
-0.0804741426573427
-0.0787636195804196
-0.0832842877122877
-0.0820013954045954
-0.0805352327672328
-0.0708219052947053
-0.0784581690309691
-0.0880493162837163
-0.0842617294705295
-0.0848726305694306
-0.0838340987012987
-0.0831621074925075
-0.08456718001998
-0.0925699844155844
-0.0799243316683317
-0.0894543888111888
-0.0834064679320679
-0.0850559008991009
-0.0860333426573427
-0.0748538525474526
-0.0659957866133866
-0.0449196987012987
-0.0491960063936064
-0.0463247712287712
-0.047302212987013
-0.052861412987013
-0.0549995668331668
-0.0628191008991009
-0.0633689118881119
-0.0675841294705295
-0.0672175888111888
-0.0620860195804196
-0.0664234173826174
-0.0653848855144855
-0.0611085778221778
-0.0537777646353646
-0.0463247712287712
-0.0385663272727273
-0.036183812987013
-0.035084191008991
-0.0436368063936064
-0.0465691316683317
-0.0466913118881119
-0.0551828371628372
-0.0465691316683317
-0.0525559624375624
-0.05677118001998
-0.0676452195804196
-0.0685615712287712
-0.0713106261738262
-0.0799243316683317
-0.0848726305694306
-0.0835286481518482
-0.0798632415584416
-0.0654459756243756
-0.0683783008991009
-0.0712495360639361
-0.0810239536463536
-0.0812683140859141
-0.0688670217782218
-0.0708829954045954
-0.0748538525474526
-0.0835897382617383
-0.0776029074925075
-0.088415856943057
-0.0766865558441558
-0.0860944327672328
-0.0783359888111888
-0.0743651316683317
-0.075098212987013
-0.0736320503496504
-0.0774807272727273
-0.0768087360639361
-0.0835286481518482
-0.0774196371628372
-0.0937917866133866
-0.0996564371628372
-0.105032366833167
-0.100450608591409
-0.102833122877123
-0.0850559008991009
-0.0785803492507493
-0.0755258437562438
-0.0703331844155844
-0.0801686921078921
-0.0874995052947053
-0.0888434877122877
-0.107659241558442
-0.116456217382617
-0.131667654745255
-0.13429452947053
-0.128307698701299
-0.11786128991009
-0.104849096503497
-0.11242427012987
-0.105154547052947
-0.110652656943057
-0.109797395404595
-0.111263558041958
-0.128490969030969
-0.129346230569431
-0.132706186613387
-0.136615953646354
-0.130995663536464
-0.134050169030969
-0.124764472327672
-0.121282336063936
-0.124703382217782
-0.125375373426573
-0.132400736063936
-0.126291725074925
-0.143213685514486
-0.142847144855145
-0.144313307492508
-0.154759716283716
-0.148161984415584
-0.15139976023976
-0.148589615184815
-0.153660094305694
-0.153660094305694
-0.147306722877123
-0.144252217382617
-0.148589615184815
-0.149261606393606
-0.156225878921079
-0.154637536063936
-0.16771081958042
-0.168749351448551
-0.180051021778222
-0.183288797602398
-0.181761544855145
-0.185732401998002
-0.192452314085914
-0.189275628371628
-0.187137474525475
-0.176752155844156
-0.172170397602398
-0.167588639360639
-0.170887505294705
-0.175713623976024
-0.180967373426573
-0.193307575624376
-0.204670336063936
-0.20668630969031
-0.210046265734266
-0.212917500899101
-0.207297210789211
-0.202287821778222
-0.199050045954046
-0.193918476723277
-0.19031416023976
-0.200027487712288
-0.203692894305694
-0.216338547052947
-0.209435364635365
-0.220553764635365
-0.220981395404595
-0.23478776023976
-0.230755812987013
-0.234115769030969
-0.236376103096903
-0.230267092107892
-0.222325377822178
-0.21774361958042
-0.220370494305694
-0.21792688991009
-0.214505843756244
-0.218659971228771
-0.221103575624376
-0.239247338261738
-0.246028340459541
-0.242057483316683
-0.245295259140859
-0.258918353646354
-0.264049922877123
-0.248594125074925
-0.246700331668332
-0.248471944855145
-0.250610098701299
-0.25128208991009
-0.252381711888112
-0.250487918481519
-0.250793369030969
-0.25128208991009
-0.246455971228771
-0.254886406393606
-0.25140427012987
-0.252259531668332
-0.260140155844156
-0.260262336063936
-0.25708565034965
-0.261239777822178
-0.263377931668332
-0.260873237162837
-0.264049922877123
-0.266188076723277
-0.276695575624376
-0.29007430969031
-0.29007430969031
-0.294839338261738
-0.293312085514486
-0.29587787012987
-0.289891039360639
-0.286714353646354
-0.287569615184815
-0.292823364635365
-0.285431461338661
-0.288547056943057
-0.280605342657343
-0.276756665734266
-0.287080894305694
-0.292212463536464
-0.287630705294705
-0.296672041558442
-0.291784832767233
-0.302903232767233
-0.310111865734266
-0.30705736023976
-0.313410731668332
-0.317503769030969
-0.312860920679321
-0.30711845034965
-0.313532911888112
-0.314754714085914
-0.311028217382617
-0.319519742657343
-0.307607171228771
-0.302109061338661
-0.301009439360639
-0.309012243756244
-0.312188929470529
-0.307240630569431
-0.302353421778222
-0.309439874525475
-0.314937984415584
-0.311455848151848
-0.297893843756244
-0.2956945998002
-0.303269773426573
-0.301986881118881
-0.312799830569431
-0.293861896503497
-0.298077114085914
-0.305469017382617
-0.307973711888112
-0.309256604195804
-0.306385369030969
-0.307729351448552
-0.309623144855145
-0.311150397602398
-0.316831777822178
-0.314754714085914
-0.321718986613387
-0.324406951448551
-0.329721791008991
-0.323979320679321
-0.318542300899101
-0.323001878921079
-0.330760322877123
-0.322635338261738
-0.326667285514486
-0.335769711888112
-0.334303549250749
-0.333142837162837
-0.336319522877123
-0.339435118481519
-0.330638142657343
-0.342733984415584
-0.33485336023976
-0.327339276723277
-0.325078942657343
-0.328072358041958
-0.331798854745255
-0.323185149250749
-0.327217096503497
-0.330027241558442
-0.324468041558442
-0.328255628371628
-0.330638142657343
-0.327950177822178
-0.333692648151848
-0.331676674525475
-0.339679478921079
-0.327950177822178
-0.342917254745255
-0.333814828371628
-0.326361834965035
-0.326484015184815
-0.328622169030969
-0.330943593206793
-0.325201122877123
-0.326789465734266
-0.330821412987013
-0.320863725074925
-0.329843971228771
-0.325812023976024
-0.317625949250749
-0.304735936063936
-0.313471821778222
-0.314937984415584
-0.321780076723277
-0.316159786613387
-0.316892867932068
-0.324223681118881
-0.326545105294705
-0.323918230569431
-0.323857140459541
-0.322146617382617
-0.320863725074925
-0.323124059140859
-0.319031021778222
-0.323001878921079
-0.327461456943057
-0.32355168991009
-0.316404147052947
-0.31249438001998
-0.320619364635365
-0.313838362437562
-0.313105281118881
-0.315121254745255
-0.3123721998002
-0.311028217382617
-0.311333667932068
-0.315060164635365
-0.326300744855145
-0.324895672327672
-0.311578028371628
-0.311455848151848
-0.308462432767233
-0.298504744855145
-0.307607171228771
-0.305469017382617
-0.296244410789211
-0.305896648151848
-0.294411707492508
-0.294350617382617
-0.292517914085914
-0.286958714085914
-0.27327452947053
-0.281032973426573
-0.285431461338661
-0.294045166833167
-0.292884454745255
-0.297954933866134
-0.28995212947053
-0.291540472327672
-0.291112841558442
-0.279627900899101
-0.279627900899101
-0.263561201998002
-0.259468164635365
-0.24572288991009
-0.252259531668332
-0.253786784415584
-0.272297087712288
-0.281704964635365
-0.277245386613387
-0.277734107492507
-0.267532059140859
-0.283171127272727
-0.277673017382617
-0.279994441558442
-0.278467188811189
-0.2845761998002
-0.286042362437562
-0.299176736063936
-0.285981272327672
-0.277062116283716
-0.266004806393606
-0.247250142657343
-0.251954081118881
-0.248471944855145
-0.24553961958042
-0.251648630569431
-0.257330010789211
-0.264477553646354
-0.278345008591409
-0.265271725074925
-0.259162714085914
-0.249082845954046
-0.243890186613387
-0.2401025998002
-0.241141131668332
-0.23442121958042
-0.24004150969031
-0.242607294305694
-0.249205026173826
-0.257207830569431
-0.261728498701299
-0.249327206393606
-0.247555593206793
-0.235520841558442
-0.233321597602398
-0.23472667012987
-0.238575347052947
-0.230877993206793
-0.230206001998002
-0.229900551448551
-0.236376103096903
-0.239858239360639
-0.240652410789211
-0.236192832767233
-0.245478529470529
-0.248594125074925
-0.244134547052947
-0.241324401998002
-0.229472920679321
-0.233321597602398
-0.228190028371628
-0.224219171228771
-0.233749228371628
-0.221958837162837
-0.218659971228771
-0.218476700899101
-0.209862995404595
-0.214017122877123
-0.207419391008991
-0.203143083316683
-0.194712648151848
-0.202959812987013
-0.21267314045954
-0.211268067932068
-0.219331962437562
-0.225379883316683
-0.229534010789211
-0.22366936023976
-0.234237949250749
-0.239247338261738
-0.227884577822178
-0.220248314085914
-0.222691918481519
-0.210229536063936
-0.198561325074925
-0.199660947052947
-0.21255096023976
-0.219270872327672
-0.206319769030969
-0.216399637162837
-0.202532182217782
-0.199416586613387
-0.203570714085914
-0.199050045954046
-0.195140278921079
-0.195384639360639
-0.181883725074925
-0.188970177822178
-0.189581078921079
-0.193735206393606
-0.194223927272727
-0.18988652947053
-0.185732401998002
-0.166733377822178
-0.155248437162837
-0.154698626173826
-0.153537914085914
-0.155798248151848
-0.145351839360639
-0.136432683316683
-0.142663874525475
-0.161785078921079
-0.179989931668332
-0.18438841958042
-0.17363656023976
-0.155065166833167
-0.144313307492508
-0.137776665734266
-0.142358423976024
-0.13997590969031
-0.137959936063936
-0.120732525074925
-0.12366485034965
-0.122259777822178
-0.122076507492508
-0.120182714085914
-0.119571812987013
-0.115906406393606
-0.102588762437562
-0.0913481822177822
-0.0997175272727273
-0.0856057118881119
-0.0929365250749251
-0.0961132107892108
-0.093975056943057
-0.0871940547452548
-0.0846282701298701
-0.0852391712287713
-0.0746094921078921
-0.0720437074925075
-0.0778472679320679
-0.0771752767232767
-0.0798632415584416
-0.0876216855144855
-0.0843228195804196
-0.0854835316683317
-0.0940972371628372
-0.110591566833167
-0.11254645034965
-0.103321843756244
-0.113096261338661
-0.100389518481519
-0.0835286481518482
-0.07900798001998
-0.0648350745254745
-0.0506010789210789
-0.0425371844155844
-0.0281810085914086
-0.0273868371628372
-0.0266537558441559
-0.0231716195804196
-0.0273257470529471
-0.0177345998001998
-0.0164517074925075
-0.00160681078921079
0.0169645826173826
0.0306487672327672
0.0574062353646354
0.0734118441558442
0.0897229034965035
0.101574384815185
0.107622305694306
0.1156862001998
0.121611940859141
0.122528292507493
0.131752899100899
0.144337461738262
0.161748143056943
0.177937022177822
0.188322340859141
0.200479272727273
0.222044081518482
0.224304415584416
0.236583527672328
0.250328802397602
0.269877637562438
0.280201866133866
0.300667052947053
0.30989165954046
0.32119332987013
0.333472441958042
0.33261718041958
0.327607791408591
0.308242226573427
0.292236617782218
0.284111633166833
0.280446226573427
0.278674613386613
0.27116052987013
0.263524266133866
0.275925558441558
0.274337215584416
0.280446226573427
0.276231008991009
0.249778991408591
0.223082613386613
0.216668151848152
0.218867395804196
0.217156872727273
0.235483905694306
0.265173699100899
0.308608767232767
0.334388793606394
0.36578911008991
0.383871782617383
0.403848248551449
0.426573769430569
0.431277707892108
0.449604740859141
0.445694973826174
0.440929945254745
0.434393303496504
0.416310630969031
0.400671562837163
0.403848248551449
0.399694121078921
0.398350138661339
0.385093584815185
0.377518411188811
0.367866173826174
0.380817277122877
0.370187598001998
0.397128336463537
0.367743993606394
0.507273804595405
-0.199538766833167
-1.06524671408591
-1.81867103936064
-3.06325984815185
-3.43273283276723
-2.93961346573427
-1.89808818221778
-1.00391224375624
-0.64048718001998
-0.348659725074925
-0.730350731668332
-1.35432511408591
-1.88605343056943
-2.16303598881119
-2.24960067452548
-2.43012194925075
-2.9023484987013
-3.37976770749251
-3.55570722397602
-3.33242287232767
-2.8239087976024
-2.39988234485515
-2.06376456023976
-1.94769335144855
-2.01257104815185
-2.75176137782218
-2.37966151848152
-1.39574420859141
-1.08620062177822
-1.19964495584416
-1.81109586573427
-2.31301220859141
-2.5496142041958
-2.44478357562438
-2.2630404987013
-2.15594953606394
-2.13481235804196
-2.06779650749251
-1.91055056463536
-1.65824841078921
-1.35585236683317
-1.02572141298701
-0.703959804195804
-0.42380056023976
-0.0688670217782218
0.22693129030969
0.426451589210789
0.522668512287712
0.538490850749251
0.535925066133866
0.595304652947053
0.650591202397602
0.636601567232767
0.642160767232767
0.654073338661339
0.719500846353646
0.831356837562438
0.958179905694306
1.07229623096903
1.16405357602398
1.26204211228771
1.35361618701299
1.40554278041958
1.42539706613387
1.45288761558442
1.46455582657343
1.45325415624376
1.44592334305694
1.42545815624376
1.41275141338661
1.41403430569431
1.40291590569431
1.39124769470529
1.37402028371628
1.35013405074925
1.32404857382617
1.29973471008991
1.27493212547453
1.24371507932068
1.2077330045954
1.17358363316683
1.15067484195804
1.11536475844156
1.10100858261738
1.08127647712288
1.0589174969031
1.05555754085914
1.05824550569431
1.07492310569431
1.10723977382617
1.12965984415584
1.15635622217782
1.17468325514486
1.18512966393606
1.19637024415584
1.21066532987013
1.21439182657343
1.22147827932068
1.21970666613387
1.23168032767233
1.23223013866134
1.22795383096903
1.22245572107892
1.22715965954046
1.21494163756244
1.20296797602398
1.19997456063936
1.1787152023976
1.15598968151848
1.14542109250749
1.13747937822178
1.12300102217782
1.10846157602398
1.1002755012987
1.0941054001998
1.10846157602398
1.1324088991009
1.15916636723277
1.18708454745255
1.23094724635365
1.26314173426573
1.29258716723277
1.31580140899101
1.32172714965035
1.34439158041958
1.35886993646354
1.38190090789211
1.39576836283716
1.42222038041958
1.43914234085914
1.45459813866134
1.45624757162837
1.47261972107892
1.45759155404595
1.46730488151848
1.45759155404595
1.4610126001998
1.44732841558442
1.44256338701299
1.43303332987013
1.44457936063936
1.41042998921079
1.29674129470529
1.14719270569431
1.0280059012987
0.979072723276723
0.983959932067932
0.819077725474526
0.340192354045954
0.281423668331668
0.348256248551449
0.344041030969031
0.44936038041958
0.51032831008991
0.528044441958042
0.429200644155844
0.398350138661339
0.292053347452548
0.408185646353646
-1.56429182177822
-4.51537176023976
-7.36858534265734
-10.3163664151848
-12.803466969031
-14.9160240591409
-16.7176324899101
-18.0124984591409
-18.4656648943057
-17.8163381162837
-16.0803404635365
-13.1734286745255
-9.34142935144855
-4.35165026573427
1.76915111448551
7.75610406393607
12.4940086265734
15.3742851276723
16.0761494001998
16.8796065254745
18.078438841958
18.5748570749251
18.7136538045954
18.0500319408591
17.1341079232767
15.6546887320679
14.2563361166833
12.9863338221778
12.0237369606394
11.2941377782218
10.6797545430569
10.0097182177822
8.36511136943057
6.55042965514486
4.41991207272727
2.22286736063936
0.312396354045954
-1.39934852507493
-2.86593879320679
-4.21468623936064
-6.04244123716284
-7.20187043276723
-6.90271216463537
-6.95335586573427
-7.9198624943057
-10.5835134657343
-11.413666969031
-10.4648764723277
-10.5993358041958
-9.96265467892108
-8.54786882397602
-7.15489213826174
-5.92954671408591
-5.22065707892108
-5.06084535144855
-5.90138417342657
-6.27268986133866
-6.15356414705295
-6.49212553606394
-6.61656608991009
-6.70539110969031
-6.97889153166833
-6.94058803276723
-6.86446975584416
-6.97247707012987
-6.7628769030969
-6.36731844155844
-5.90150635364635
-5.36018688991009
-4.85429968991009
-3.96201754485515
-3.15184050749251
-2.64021083716284
-2.02753812507493
-1.44962568551449
-0.368819461338661
0.924213804595405
1.46816014305694
1.3016285034965
1.04321733866134
0.923725083716284
0.913889576023976
0.892141496903097
0.818650094705295
0.779002613386613
0.995933593606394
1.37774678041958
1.45209344415584
1.11994651668332
0.540506824375624
0.0728620331668332
-0.159524744855145
-0.267287698701299
-0.292029193206793
-0.258063092107892
-0.174614001998002
0.0109166617382617
0.294191501298701
0.519675096903097
0.792381347452548
1.04621075404595
1.27108344855145
1.37841877162837
1.38080128591409
1.281896398002
1.08500297382617
0.883405611188811
0.720050657342658
0.647597787012987
0.769411466133866
1.13741828811189
1.48648717602398
1.80965385734266
1.90672604195804
1.94313574745255
1.76945656503497
1.60995028811189
1.32618672767233
1.21561362877123
0.992084916683317
0.414722288111888
-0.143946766833167
-1.45542924595405
0.616564011188811
1.97203136943057
1.68527439360639
0.910957250749251
-0.160196736063936
-0.0601922261738262
0.800078701298701
1.12159594965035
0.672766912287712
-0.308767883316683
-0.285736911888112
0.117274543056943
0.409529628771229
0.415088828771229
0.257170894705295
0.196813866133866
0.474101874925075
0.696164424375624
0.716324160639361
0.514971158441559
0.27122161998002
0.16003761998002
0.240187844155844
0.351249663936064
0.441724116683317
0.297795817782218
0.131019817782218
0.0754278177822178
0.274398305694306
-0.0472411228771229
-1.23721537342657
-2.4106342041958
-3.57898255584416
-4.38164550969031
-5.14252282837163
-5.98141221738262
-6.83038147452547
-7.32924331188811
-7.23626416463537
-6.55889702617383
-5.42549221738262
-3.84997828331668
-1.91855336903097
0.294619132067932
2.55544191888112
4.61992109250749
6.3160269034965
7.62262217382617
8.57648314965035
9.18842278041958
9.48269383976024
9.47029254745255
9.24432023096903
8.89519025294705
8.30328817822178
7.36598262217782
6.27118676283716
5.55154526833167
5.08493900899101
4.69823861338661
4.32937652987013
4.02526996283716
3.70246982217782
3.42860285954046
3.2924330045954
3.10830741338661
2.83816694745255
2.67872176063936
2.52789027932068
2.34657483316683
2.12970494305694
1.95572031008991
1.82107770789211
1.64996431008991
1.4795229034965
1.265218798002
1.09801516723277
0.959707158441559
0.830501576023976
0.736483896903097
0.670995299100899
0.612715334265734
0.587607299100899
0.555840441958042
0.531465488111888
0.46603798041958
0.463166745254745
0.512038833166833
0.579054683716284
0.631836538661339
0.634524503496504
0.62694932987013
0.591578156243756
0.561155281518482
0.513688266133866
0.48778605954046
0.563293435364635
0.658899457342657
0.762019562837163
0.891591685914086
1.00185933426573
1.1033910969031
1.21213149250749
1.26607405954046
1.17370581338661
1.0422398969031
0.957813365034965
0.931300257342657
0.933010780419581
0.951459993606394
0.968259773826174
0.962456213386613
0.940158323276723
0.923725083716284
0.930628266133866
0.949077479320679
0.885910305694306
0.700624002397602
0.313984696903097
-0.104177105294705
-0.196789711888112
0.150079932067932
0.803621927672328
1.6105000991009
2.24705904415584
2.42990174305694
2.2639810045954
2.03703124635365
1.8841227012987
1.7630421034965
1.53719196723277
1.09703772547453
0.523279413386613
-0.0685004811188811
-0.60151168991009
-0.940073078921079
-1.11216391848152
-1.11136974705295
-1.11039230529471
-1.26152923716284
-1.17575872287712
-1.26592772507493
-1.62599283276723
-2.05441777342657
-2.28619365034965
-2.49493855584416
-2.67399366793207
-2.69513084595405
-2.75365517122877
-3.05562358441559
-3.62272307452548
-4.18291938221778
-4.43008996683317
-4.39258063936064
-4.10942798001998
-3.64697584815185
-3.19527557562438
-2.86703841518482
-2.61553043276723
-2.52890465694306
-2.52273455584416
-2.59280491188811
-2.76526229210789
-3.00742348771229
-3.27487598881119
-3.50811802837163
-3.64031702617383
-3.64312717122877
-3.56053334265734
-3.44415668331668
-3.29650188771229
-3.13864504375624
-2.97791696463536
-2.87436922837163
-2.81450092067932
-2.80246616903097
-2.84327436243756
-2.91102329430569
-2.98970735584416
-3.06448165034965
-3.17591001078921
-3.2593591008991
-3.34555724595405
-3.41373380859141
-3.46639348331668
-3.4947392943057
-3.52021387012987
-3.54770441958042
-3.5669478041958
-3.56261040639361
-3.54990366353646
-3.52277965474526
-3.47360211628372
-3.41739921518482
-3.37371978661339
-3.34329691188811
-3.33340031408591
-3.326680401998
-3.33236178221778
-3.29870113166833
-3.24604145694306
-3.16473052067932
-3.08079270969031
-2.99349494265734
-2.87498012947053
-2.74217023056943
-2.58015925914086
-2.40073760639361
-2.2173450965035
-2.03926742617383
-1.88281565474525
-1.75385443276723
-1.62397685914086
-1.49073932947053
-1.39036827892108
-1.27790138661339
-1.15370519320679
-1.02236145694306
-0.86285518001998
-0.697300982217782
-0.50132390969031
-0.287264164635365
-0.059520234965035
0.162420134265734
0.388392450749251
0.613020784815185
0.825431096903097
1.04413369030969
1.24530342217782
1.42515270569431
1.59339486833167
1.75106844195804
1.90214428371628
2.04869945734266
2.19458263976024
2.33582297382617
2.47150410789211
2.60791832327672
2.7402395012987
2.86199209030969
2.97225973866134
3.07464676283716
3.16414377382617
3.23506939140859
3.2967704023976
3.33623461338661
3.36293099140859
3.38070821338661
3.38235764635365
3.37490465294705
3.35590562877123
3.32658237602398
3.29249409470529
3.25431277602398
3.20928936503497
3.16078381778222
3.09804427492507
3.05167688151848
2.98643264415584
2.91898916283716
2.85331729470529
2.77469432327672
2.70340216503497
2.6167152991009
2.54933290789211
2.45788101338661
2.36465750569431
2.26599697822178
2.17967665294705
2.07331877162837
1.99665068371628
1.90611514085914
1.81441888591409
1.72308917162837
1.63426415184815
1.56425488591409
1.47243645074925
1.3974177958042
1.31103638041958
1.23528464415584
1.15140792327672
1.08396444195804
1.01591005954046
0.93838671008991
0.874364274925075
0.809730938661339
0.752733866133866
0.699646560639361
0.638434270529471
0.590050903496504
0.530182595804196
0.487052978221778
0.43793652987013
0.38814809030969
0.336832398001998
0.29345841998002
0.262669004595405
0.22693129030969
0.190155044155844
0.156127852947053
0.127048960639361
0.0947322925074925
0.0823310001998002
0.0740838353646354
0.0615603628371628
0.0437220507492508
0.0317483892107892
0.0236844947052947
0.00920613866133866
-0.019506212987013
-0.0541443052947053
-0.0754036635364636
-0.0997175272727273
-0.126841536063936
-0.135333061338661
-0.155492797602398
-0.154148815184815
-0.150422318481518
-0.13991481958042
-0.11211881958042
-0.082856656943057
-0.0344732899100899
0.0145209782217782
0.0747558265734266
0.135112855144855
0.216179430969031
0.29339732987013
0.37660205954046
0.472513532067932
0.565431589210789
