0.429261734265734
0.414172477122877
0.402382085914086
0.396883976023976
0.403726068331668
0.417654613386613
0.434820934265734
0.461700582617383
0.457179914485515
0.466893241958042
0.450826543056943
0.459501338661339
0.462067123276723
0.473246613386613
0.493223079320679
0.528410982617383
0.543255879320679
0.544233321078921
0.535741795804196
0.525539747452548
0.50458583976024
0.478378182617383
0.448688389210789
0.42694031008991
0.420525848551449
0.433782402397602
0.442884828771229
0.457118824375624
0.460662050749251
0.466587791408591
0.463533285914086
0.462128213386613
0.464205277122877
0.464205277122877
0.484975914485515
0.492795448551449
0.530671316683317
0.547226736463536
0.584674973826174
0.594938112287712
0.57703871008991
0.54918161998002
0.528655343056943
0.501531334265734
0.483693022177822
0.452598156243756
0.463838736463536
0.482837760639361
0.517659123276723
0.552908116683317
0.575022736463537
0.59939769030969
0.613204055144855
0.61564765954046
0.595610103496504
0.574900556243756
0.572762402397602
0.561705092507493
0.556023712287712
0.558650587012987
0.562132723276723
0.581559378221778
0.589928723276723
0.614181496903097
0.636540477122877
0.622734112287712
0.614303677122877
0.600986033166833
0.604284899100899
0.599886411188811
0.59915332987013
0.604101628771229
0.613387325474526
0.638922991408592
0.657494384815185
0.678875923276723
0.708626806793207
0.726709479320679
0.724510235364635
0.696164424375624
0.668979325474526
0.64356583976024
0.640816784815185
0.650896652947053
0.653584617782218
0.657311114485515
0.659449268331668
0.66568045954046
0.685901285914086
0.697386226573427
0.70483921998002
0.6938430001998
0.689200151848152
0.689566692507493
0.67710431008991
0.67679885954046
0.672400371628372
0.682174789210789
0.688711430969031
0.691704846353646
0.694087360639361
0.698669118881119
0.701112723276723
0.687000907892108
0.676554499100899
0.662870314485515
0.653828978221778
0.646192714485515
0.646375984815185
0.656578033166833
0.670750938661339
0.685229294705295
0.708199176023976
0.727870191408592
0.746075044155844
0.755116380419581
0.757132354045954
0.756216002397602
0.754077848551449
0.745647413386613
0.754505479320679
0.752122965034965
0.756643633166833
0.756338182617383
0.751023343056943
0.734712283716284
0.726220758441559
0.733307211188811
0.737094798001998
0.742653998001998
0.755666191408591
0.763730085914086
0.756154912287712
0.752122965034965
0.763546815584416
0.793236608991009
0.795680213386614
0.793053338661339
0.798795808991009
0.788838121078921
0.785966885914086
0.78272911008991
0.791159545254745
0.795191492507493
0.803988468331668
0.804477189210789
0.79360314965035
0.786333426573427
0.784928354045954
0.789632292507493
0.786272336463537
0.78285129030969
0.794580591408592
0.801972494705295
0.809242217782218
0.831356837562438
0.8606190001998
0.868316354045954
0.882367079320679
0.881756178221778
0.875463896903097
0.868682894705295
0.846140644155844
0.802094674925075
0.786577787012987
0.75487201998002
0.746991395804196
0.772649241958042
0.78822721998002
0.809364398001998
0.822376591408592
0.835144424375625
0.838932011188811
0.838504380419581
0.832334279320679
0.831967738661339
0.842230877122877
0.85487652987013
0.852371835364635
0.840947984815185
0.834044802397602
0.824209294705295
0.824331474925075
0.824270384815185
0.81040292987013
0.79910125954046
0.784073092507493
0.777475360639361
0.773687773826174
0.768311844155844
0.767395492507493
0.775398296903097
0.779918965034965
0.87137085954046
0.999049189210789
0.278002622177822
-0.36252718001998
-1.39629401958042
-2.68279064375624
-2.90271503936064
-2.2624295976024
-1.55195161958042
-1.19573518881119
-0.630040771228771
-0.163984322877123
-0.0925088943056943
-0.242118573426573
-0.582757026173826
-0.898409623976024
-1.09157655144855
-1.02724866573427
-0.95711721958042
-1.13708868331668
-1.38248765474525
-1.52849301738262
-1.29964946573427
-0.81807612947053
-0.333692648151848
-0.198622415184815
-0.380854212987013
-1.32139754485514
-1.75409879320679
-1.32426878001998
-1.02651558441558
-0.739697518481519
-1.13892138661339
-1.70931974265734
-2.11819584815185
-2.15295612067932
-1.94378358441558
-1.55360105254745
-1.153033201998
-0.759551804195804
-0.437912375624376
-0.182800076723277
0.021607430969031
0.261263932067932
0.600558402397603
0.905703501298701
1.11096627052947
1.2435928991009
1.3405429034965
1.41262923316683
1.41299577382617
1.4227091012987
1.36229098261738
1.34353631888112
1.26051485954046
1.2503739012987
1.10638451228771
1.14896431888112
1.11359314525475
1.30541609030969
0.289243202397602
-2.91548287232767
-5.97200434045954
-9.27496331188811
-11.9544366217782
-13.9187280151848
-16.0713602173826
-18.0966806305694
-19.0785208767233
-19.168201158042
-18.253132401998
-16.5377221162837
-13.6083291668332
-9.76588343496504
-4.64891474045954
1.43920343096903
7.31472801998002
12.4002353078921
16.4469663672328
19.8808414441558
22.301231598002
23.2320616023976
21.8761055232767
19.5196767144855
17.1659358705295
15.4058687144855
14.2541979628372
12.9719165562438
11.4438085474525
9.82974675404595
8.18501772547453
6.86907566833167
5.81429383096903
4.81993011228771
3.96540165514486
2.99541289030969
1.79383151888112
-0.0632467316683317
-1.92472347012987
-2.85989087232767
-3.9950062041958
-4.88014080639361
-5.48853721078921
-5.77529418661339
-5.95886996683317
-5.91030332947053
-5.6343593030969
-5.34845758881119
-6.02173168991009
-6.31520857782218
-5.74383278001998
-5.33520103496503
-5.17551148771229
-5.48542161518482
-6.00884167672328
-6.38582874485515
-6.50147232287712
-6.33213053826174
-5.82117285914086
-5.29133833606394
-5.07990546573427
-5.0543697998002
-5.33532321518482
-5.49201934705295
-5.73949538221778
-5.70339112727273
-5.53447697342657
-5.3755815976024
-4.8375609998002
-4.43167830969031
-4.07814984375624
-4.05780683716284
-3.68088085914086
-2.65811023936064
-1.90981748331668
-1.81280638881119
-2.18179065254745
-2.4915785998002
-2.46665383496504
-2.57441678881119
-2.76074162397602
-3.10070808551449
-3.19014400639361
-3.04707096903097
-2.82983453826174
-2.8689932987013
-2.92342458661339
-2.8664886041958
-2.7213385030969
-2.57875418661339
-2.50788965914086
-2.49212841078921
-2.41307780859141
-2.33506573826174
-2.22974638881119
-2.08380211628372
-1.93840765474525
-1.77419743936064
-1.59416488551449
-1.48701283276723
-1.47925438881119
-1.54205502177822
-1.61530206353646
-1.64749655144855
-1.75299917122877
-1.92942740859141
-2.06590271408591
-2.10176260859141
-1.93413134705295
-1.93535314925075
-2.1185012987013
-2.22198794485515
-2.13585088991009
-2.01898550969031
-2.0597937030969
-2.14226535144855
-2.10328986133866
-1.84512305694306
-1.47448936023976
-1.15370519320679
-0.986684832767233
-0.835731171228771
-0.576586925074925
-0.200271848151848
0.137312099100899
0.413867026573427
0.605140160639361
0.789571202397602
0.964166736463537
1.10357436723277
1.2102376991009
1.26625732987013
1.28818867932068
1.26418026613387
1.20687774305694
1.11664765074925
1.01035085954046
0.852005294705295
0.674966156243756
0.519003105694306
0.367133092507492
0.242875808991009
0.121550850749251
-0.0149244547452548
-0.14565728991009
-0.247555593206793
-0.271441826173826
-0.260079065734266
-0.246150520679321
-0.239858239360639
-0.223974810789211
-0.194468287712288
-0.143091505294705
-0.0778472679320679
-0.0690502921078921
-0.0699055536463536
-0.0152909954045954
0.0486703496503497
0.106583773826174
0.161381602397602
0.198402208991009
0.24324234965035
0.29920089030969
0.375685707892108
0.42675703976024
0.459806789210789
0.476178938661339
0.495483413386613
0.503913848551449
0.51600969030969
0.53806321998002
0.539590472727273
0.555901532067932
0.566164670529471
0.57129623976024
0.573495483716284
0.563171255144855
0.558894947452548
0.561888362837163
0.551441954045954
0.550769962837163
0.56036111008991
0.567691923276723
0.594021760639361
0.612287703496504
0.624505725474526
0.617358182617383
0.613265145254745
0.609660828771229
0.589562182617383
0.578565962837163
0.570013347452548
0.577893971628372
0.572518041958042
0.579054683716284
0.575206006793207
0.619557426573427
0.667940793606394
0.68284678041958
0.604407079320679
0.447038956243756
0.351982745254745
0.374586085914086
0.54386678041958
0.722677532067932
0.86037463976024
0.961173321078921
1.17981482437562
1.56333853426573
1.82529292547453
1.67543888591409
1.24524233206793
0.751756424375625
0.300361602397602
-0.0759534745254745
-0.356601439360639
-0.543231725074925
-0.61837256023976
-0.60151168991009
-0.496681061338661
-0.323979320679321
-0.0794967008991009
0.131813989210789
0.233956652947053
0.238599501298701
0.124360995804196
-0.0710051756243756
-0.346643751448552
-0.560642406393606
-0.587338784415584
-0.564307812987013
-0.564246722877123
-0.495153808591409
-0.375844823976024
-0.243890186613387
-0.149444876723277
-0.0570155404595405
0.0101224903096903
0.071640230969031
0.114830938661339
0.126987870529471
0.130897637562438
0.141527316683317
0.167734973826174
0.171583650749251
0.177081760639361
0.1546006001998
0.132547070529471
0.0895396331668332
0.0252117474525475
-0.0610474877122877
-0.172903478921079
-0.260384516283716
-0.319825193206793
-0.377555347052947
-0.39606565034965
-0.391789342657343
-0.361488648151848
-0.31787030969031
-0.271441826173826
-0.204853606393606
-0.148406344855145
-0.0831621074925075
-0.0447364283716284
-0.0162073470529471
-0.00612747892107893
-0.00875435364635366
-0.00698274045954046
0.00444111008991008
-0.00282861298701299
-0.0110757778221778
0.0208743496503497
0.0562455232767233
0.0914334265734266
0.162420134265734
0.19327063976024
0.216912512287712
0.26560132987013
0.291381356243756
0.30476009030969
0.306592793606394
0.281729118881119
0.270060907892108
0.250145532067932
0.242936899100899
0.239271492507493
0.245258323276723
0.248251738661339
0.255765822177822
0.277574991408591
0.306592793606394
0.342269417782218
0.363773136463536
0.381122727672328
0.396028714485515
0.394868002397602
0.397372696903097
0.394990182617383
0.39340183976024
0.391752406793207
0.392607668331668
0.381733628771229
0.354915070529471
0.351860565034965
0.338787281518482
0.335244055144855
0.313740336463537
0.297307096903097
0.298651079320679
0.294680222177822
0.292053347452548
0.303904828771229
0.31038038041958
0.319604987012987
0.313068345254745
0.320154798001998
0.340192354045954
0.302316485914086
0.293152969430569
0.268961285914086
0.257293074925075
0.209337338661339
0.156616573826174
0.0873403892107892
0.03217601998002
-0.0145579140859141
-0.070638634965035
-0.0854224415584416
-0.102222221778222
-0.137898845954046
-0.147734353646354
-0.149139426173826
-0.149017245954046
-0.157753131668332
-0.194101747052947
-0.252442801998002
-0.298932375624376
-0.332837386613387
-0.368575100899101
-0.428137958041958
-0.477254406393606
-0.518734591008991
-0.548852015184815
-0.576159294305694
-0.601878230569431
-0.642747514085914
-0.688748366833167
-0.730106371228771
-0.771403285514486
-0.819420111888112
-0.866092955844156
-0.916614476723277
-0.976421694305694
-1.04380408551449
-1.11259154925075
-1.18620513166833
-1.21992687232767
-1.2438741954046
-1.24491272727273
-1.21784980859141
-1.18822110529471
-1.15834804155844
-1.13067422177822
-1.10929268331668
-1.11216391848152
-1.10739888991009
-1.12988005034965
-1.1796073998002
-1.24289675364635
-1.31455545254745
-1.36519915364635
-1.37228560639361
-1.35169823936064
-1.3105845954046
-1.26342303056943
-1.21265714925075
-1.14570238881119
-1.05925988331668
-0.967930169030969
-0.894133316283716
-0.81300565034965
-0.764072472327672
-0.722531197602398
-0.69577372947053
-0.676102714085914
-0.644641307492508
-0.616234406393606
-0.576709105294705
-0.524904692107892
-0.455628507492508
-0.379510230569431
-0.300826169030969
-0.204059434965035
-0.111324648151848
-0.0141302833166833
0.0977257078921079
0.210864591408591
0.317833373826174
0.432010789210789
0.5215078001998
0.612104433166833
0.689566692507493
0.748335378221778
0.80496591008991
0.844857751848152
0.910101989210789
0.950054921078921
0.985059554045954
1.03332074085914
1.06600394965035
1.10455180899101
1.13552449470529
1.15409588811189
1.17596614745255
1.19563716283716
1.19856948811189
1.20638902217782
1.20797736503497
1.20834390569431
1.21494163756244
1.21860704415584
1.22282226173826
1.23082506613387
1.23174141778222
1.24102711448551
1.23277994965035
1.22856473206793
1.23601772547453
1.21836268371628
1.21042096943057
1.19942474965035
1.19026123316683
1.17828757162837
1.16118234085914
1.13540231448551
1.12147376943057
1.10223038481518
1.08494188371628
1.06111674085914
1.04291188811189
1.0249513958042
0.99953791008991
0.967648872727273
0.939791782617383
0.908086015584416
0.873997734265734
0.845835193606394
0.804110648551449
0.768678384815185
0.73819441998002
0.695492433166833
0.651385373826174
0.614975668331668
0.575572547452547
0.535375255144855
0.496888485914086
0.460845321078921
0.423519263936064
0.38820918041958
0.3602910001998
0.319849347452547
0.302438666133866
0.268594745254745
0.249473540859141
0.224487685914086
0.207382455144855
0.183435132067932
0.167490613386613
0.155700222177822
0.149835571628372
0.141466226573427
0.12668241998002
0.132913611188811
0.138411721078921
0.141649496903097
0.154111879320679
0.166818622177822
0.192171017782218
0.21007041998002
0.241104195804196
0.260714121078921
0.28814358041958
0.309036398001998
0.334327703496504
0.345385013386613
0.365361479320679
0.37678532987013
0.39883885954046
0.39926649030969
0.407819105694306
0.414416837562438
0.419181866133866
0.424496705694306
0.424618885914086
0.420892389210789
0.418632055144855
0.414050296903097
0.417349162837163
0.402443176023976
0.395784354045954
0.395295633166833
0.377946041958042
0.373119923276723
0.355709241958042
0.352104925474526
0.343918850749251
0.33237281998002
0.32663034965035
0.316122850749251
0.307997866133866
0.310869101298701
0.304882270529471
0.299689611188811
0.296268565034965
0.303416107892108
0.296818376023976
0.30439354965035
0.313557066133866
0.312701804595405
0.312090903496504
0.309341848551449
0.308303316683317
0.308792037562438
0.328096512287712
0.341230885914086
0.350150041958042
0.357480855144855
0.349539140859141
0.34880605954046
0.340619984815185
0.348378428771229
0.358641567232767
0.353326727672328
0.354059808991009
0.368599255144855
0.373730824375624
0.372142481518482
0.382894340859141
0.383383061738262
0.389003351848152
0.396945066133866
0.406291852947053
0.425779598001998
0.436103826573427
0.441174305694306
0.446611325474526
0.465182718881119
0.464571817782218
0.471047369430569
0.480210885914086
0.483265391408591
0.494261611188811
0.494872512287712
0.503547307892108
0.505868732067932
0.502692046353646
0.51051158041958
0.512099923276723
0.51576532987013
0.509595228771229
0.514360257342657
0.504280389210789
0.49908772987013
0.505074560639361
0.500553892507493
0.500309532067932
0.497255026573427
0.495239052947053
0.49896554965035
0.486258806793207
0.474285145254745
0.473490973826174
0.470803008991009
0.467931773826174
0.451193083716284
0.444167721078921
0.437569989210789
0.435920556243756
0.423641444155844
0.415455369430569
0.399633030969031
0.39902212987013
0.389797523276723
0.372753382617383
0.360718630969031
0.351066393606394
0.334572063936064
0.322292951848152
0.314839958441558
0.3046990001998
0.293763870529471
0.286677417782218
0.279102244155844
0.266700951848152
0.260958481518482
0.247396477122877
0.242570358441558
0.227603281518482
0.208482077122877
0.207810085914086
0.205733022177822
0.201823255144855
0.208237716683317
0.202250885914086
0.198646569430569
0.207504635364635
0.208726437562438
0.214591088111888
0.208848617782218
0.220883369430569
0.23212394965035
0.243059079320679
0.251306244155844
0.257354165034965
0.261813743056943
0.266945312287712
0.274764846353646
0.280568406793207
0.290098463936064
0.299872881518482
0.316000670529471
0.322842762837163
0.339153822177822
0.336404767232767
0.346912266133866
0.363284415584416
0.367072002397602
0.377151870529471
0.378190402397602
0.390591694705295
0.399999571628372
0.405558771628372
0.414172477122877
0.414416837562438
0.422114191408591
0.435004204595405
0.433843492507493
0.441113215584416
0.430300266133866
0.440991035364635
0.440074683716284
0.438913971628372
0.439708143056943
0.447649857342657
0.444961892507493
0.446000424375624
0.43799761998002
0.430239176023976
0.436714727672328
0.438486340859141
0.434759844155844
0.430239176023976
0.433110411188811
0.434759844155844
0.43249951008991
0.442823738661339
0.444595351848152
0.445022982617383
0.451376354045954
0.446672415584416
0.454003228771229
0.458523896903097
0.45449194965035
0.463533285914086
0.466832151848152
0.468359404595405
0.473246613386613
0.470375378221778
0.473429883716284
0.469703387012987
0.470069927672328
0.464205277122877
0.4659158001998
0.463105655144855
0.469520116683317
0.46585471008991
0.45449194965035
0.448016398001998
0.453697778221778
0.447466587012987
0.447710947452547
0.442579378221778
0.4381198001998
0.441296485914086
0.439219422177822
0.442579378221778
0.438608521078921
0.436287096903097
0.442212837562438
0.436897998001998
0.440563404595405
0.44349572987013
0.441418666133866
0.442945918881119
0.443068099100899
0.452537066133866
0.444350991408591
0.455713751848152
0.444534261738262
0.448199668331668
0.44337354965035
0.444900802397602
0.439524872727273
0.435737285914086
0.439769233166833
0.43787543976024
0.434087852947053
0.436653637562438
0.436287096903097
0.431277707892108
0.434454393606394
0.44343463976024
0.436836907892108
0.432010789210789
0.437142358441558
0.445633883716284
0.448505118881119
0.447344406793207
0.451865074925075
0.455225030969031
0.459073707892108
0.462494754045954
0.461883852947053
0.469459026573427
0.467320872727273
0.469275756243756
0.473796424375624
0.471047369430569
0.475384767232767
0.4770342001998
0.479905435364635
0.480333066133866
0.482104679320679
0.482837760639361
0.477645101298701
0.481249417782218
0.480882877122877
0.48241012987013
0.481005057342657
0.489557672727273
0.476301118881119
0.480882877122877
0.483082121078921
0.477889461738262
0.474773866133866
0.477950551848152
0.485586815584416
0.471963721078921
0.481249417782218
0.470497558441558
0.477584011188811
0.473490973826174
0.471658270529471
0.473063343056943
0.46567143976024
0.471047369430569
0.478133822177822
0.475445857342657
0.474101874925075
0.472452441958042
0.474529505694306
0.477339650749251
0.478866903496504
0.473796424375624
0.473002252947053
0.474529505694306
0.480882877122877
0.473613154045954
0.472696802397602
0.478133822177822
0.474773866133866
0.475873488111888
0.481005057342657
0.473918604595405
0.473918604595405
0.480088705694306
0.485342455144855
0.473246613386613
0.471780450749251
0.472452441958042
0.470008837562438
0.471719360639361
0.466954332067932
0.468053954045954
0.456874463936064
0.467076512287712
0.456813373826174
0.454247589210789
0.445511703496503
0.444778622177822
0.45449194965035
0.444350991408591
0.443801180419581
0.44905492987013
0.443068099100899
0.438730701298701
0.441235395804196
0.437386718881119
0.438608521078921
0.43793652987013
0.442701558441558
0.4381198001998
0.440807765034965
0.450582182617383
0.448016398001998
0.450337822177822
0.452109435364635
0.452231615584416
0.464144187012987
0.455897022177822
0.467381962837163
0.470253198001998
0.462739114485515
0.475873488111888
0.467687413386613
0.474468415584416
0.467931773826174
0.475812398001998
0.470497558441558
0.472696802397602
0.468970305694306
0.464755088111888
0.463105655144855
0.458829347452547
0.461761672727273
0.458279536463536
0.456813373826174
0.453086877122877
0.451742894705295
0.446855685914086
0.440074683716284
0.446977866133866
0.442701558441558
0.442701558441558
0.442029567232767
0.439891413386613
0.43268278041958
0.431216617782218
0.435554015584416
0.431705338661339
0.425962868331668
0.438608521078921
0.436103826573427
0.438669611188811
0.4325606001998
0.440380134265734
0.439708143056943
0.435492925474526
0.440257954045954
0.437692169430569
0.449788011188811
0.444900802397602
0.44917711008991
0.453819958441559
0.457607545254745
0.461334041958042
0.459256978221778
0.459318068331668
0.467443052947053
0.468359404595405
0.472330261738262
0.469642296903097
0.468115044155844
0.470436468331668
0.473368793606394
0.46585471008991
0.470925189210789
0.470803008991009
0.474468415584416
0.471047369430569
0.467931773826174
0.473246613386613
0.483082121078921
0.46567143976024
0.47129172987013
0.475384767232767
0.490351844155844
0.483631932067932
0.474834956243756
0.480760696903097
0.486686437562438
0.481249417782218
0.490290754045954
0.490412934265734
0.484487193606394
0.481860318881119
0.478256002397602
0.481738138661339
0.475262587012987
0.481738138661339
0.469153576023976
0.466954332067932
0.47159718041958
0.459501338661339
0.45467521998002
0.453942138661339
0.457424274925075
0.447527677122877
0.457790815584416
0.447894217782218
0.4436790001998
0.446122604595405
0.447527677122877
0.442273927672328
0.45467521998002
0.44893274965035
0.452475976023976
0.457607545254745
0.458401716683317
0.463350015584416
0.461883852947053
0.458157356243756
0.451376354045954
0.462616934265734
0.456202472727273
0.45436976943057
0.464632907892108
0.459684608991009
0.46567143976024
0.468115044155844
0.475445857342657
0.476301118881119
0.474834956243756
0.467443052947053
0.464877268331668
0.46579361998002
0.464510727672328
0.47110845954046
0.469092485914086
0.47135281998002
0.474040784815185
0.479172354045954
0.466893241958042
0.470192107892108
0.465243808991009
0.470925189210789
0.472513532067932
0.463838736463536
0.476240028771229
0.471780450749251
0.466954332067932
0.467565233166833
0.469764477122877
0.459195888111888
0.464510727672328
0.46029551008991
0.464938358441559
0.477645101298701
0.462189303496504
0.473124433166833
0.470314288111888
0.468970305694306
0.474285145254745
0.470741918881119
0.47666765954046
0.468053954045954
0.475812398001998
0.477950551848152
0.473979694705295
0.476301118881119
0.475751307892108
0.47715638041958
0.473613154045954
0.472880072727273
0.472574622177822
0.463288925474525
0.455286121078921
0.463655466133866
0.4547974001998
0.452964696903097
0.445267343056943
0.447588767232767
0.441907387012987
0.440196863936064
0.435981646353646
0.42125892987013
0.435798376023976
0.42663485954046
0.424802156243756
0.425840688111888
0.430788987012987
0.431827518881119
0.429139554045954
0.439769233166833
0.427673391408591
0.439219422177822
0.436348187012987
0.446733505694306
0.438669611188811
0.446916776023976
0.443923360639361
0.452903606793207
0.464266367232767
0.450582182617383
0.458646077122877
0.454003228771229
0.452475976023976
0.448382938661339
0.453209057342657
0.454003228771229
0.449665830969031
0.457302094705295
0.455958112287712
0.448505118881119
0.444534261738262
0.441174305694306
0.445267343056943
0.445633883716284
0.440319044155844
0.434271123276723
0.433843492507493
0.436714727672328
0.43249951008991
0.433599132067932
0.436836907892108
0.429872635364635
0.422175281518482
0.425290877122877
0.429994815584416
0.428101022177822
0.420220398001998
0.413439395804196
0.426268318881119
0.423885804595405
0.417593523276723
0.417532433166833
0.411484512287712
0.41569972987013
0.407391474925075
0.406352943056943
0.398044688111888
0.400243932067932
0.395112362837163
0.392546578221778
0.391752406793207
0.389308802397602
0.392057857342657
0.378190402397602
0.382833250749251
0.38790372987013
0.373608644155844
0.375380257342657
0.37709078041958
0.381244907892108
0.369271246353646
0.362490244155844
0.36016881998002
0.369149066133866
0.358152846353646
0.366277830969031
0.364994938661339
0.363101145254745
0.366033470529471
0.360596450749251
0.363834226573427
0.357358674925075
0.362306973826174
0.362306973826174
0.367438543056943
0.372997743056943
0.361207351848152
0.366644371628372
0.357541945254745
0.35986336943057
0.368660345254745
0.37128721998002
0.372325751848152
0.373608644155844
0.38222234965035
0.372203571628372
0.374647176023976
0.382100169430569
0.388697901298701
0.389369892507493
0.393096389210789
0.389919703496504
0.391080415584416
0.386009936463537
0.38234452987013
0.387537189210789
0.395295633166833
0.386804107892108
0.389247712287712
0.386559747452548
0.385887756243756
0.384177233166833
0.392363307892108
0.386987378221778
0.391141505694306
0.395662173826174
0.388392450749251
0.384604863936064
0.386743017782218
0.38814809030969
0.378434762837163
0.38258889030969
0.376174428771229
0.375013716683317
0.379900925474525
0.37672423976024
0.381000547452548
0.367194182617383
0.37104285954046
0.370493048551449
0.362734604595405
0.366522191408591
0.364078587012987
0.358397206793207
0.356014692507493
0.351371844155844
0.351677294705295
0.341780696903097
0.347828617782218
0.348622789210789
0.344224301298701
0.342208327672328
0.340070173826174
0.343002499100899
0.339459272727273
0.343857760639361
0.330356846353646
0.337565479320679
0.341719606793207
0.338420740859141
0.349661321078921
0.341536336463537
0.343979940859141
0.343918850749251
0.344163211188811
0.346179184815185
0.346057004595405
0.348317338661339
0.357053224375624
0.359130288111888
0.357053224375624
0.357236494705295
0.348256248551449
0.36041318041958
0.356442323276723
0.35454852987013
0.362734604595405
0.36010772987013
0.363589866133866
0.360779721078921
0.359374648551449
0.36004663976024
0.356992134265734
0.355587061738262
0.357297584815185
0.359130288111888
0.366705461738262
0.367499633166833
0.356808863936064
0.359191378221778
0.359680099100899
0.358763747452547
0.364872758441558
0.357480855144855
0.348439518881119
0.353448907892108
0.350333312287712
0.352838006793207
0.34886714965035
0.351738384815185
0.344102121078921
0.345934824375624
0.343796670529471
0.341963967232767
0.342025057342657
0.339825813386613
0.341291976023976
0.346484635364635
0.336099316683317
0.341353066133866
0.338848371628372
0.343124679320679
0.339764723276723
0.334022252947053
0.336343677122877
0.328157602397602
0.334816424375624
0.331151017782218
0.322292951848152
0.326141628771229
0.318871905694306
0.320826789210789
0.322964943056943
0.319177356243756
0.309402938661339
0.311846543056943
0.32125441998002
0.302927387012987
0.312213083716284
0.307814595804196
0.310746921078921
0.311357822177822
0.30476009030969
0.306226252947053
0.307264784815185
0.302927387012987
0.307692415584416
0.292786428771229
0.305676441958042
0.297856907892108
0.298345628771229
0.300972503496504
0.297673637562438
0.30451572987013
0.297856907892108
0.299628521078921
0.291564626573427
0.295596573826174
0.283867272727273
0.283073101298701
0.284844714485515
0.284539263936064
0.2880214001998
0.281423668331668
0.286433057342657
0.281423668331668
0.273665224375624
0.278369162837163
0.278063712287712
0.277513901298701
0.279590965034965
0.27146598041958
0.272321241958042
0.269388916683317
0.269755457342657
0.270671808991009
0.272932143056943
0.269999817782218
0.277880441958042
0.277086270529471
0.273848494705295
0.278185892507493
0.281362578221778
0.2824622001998
0.28215674965035
0.28234001998002
0.286494147452547
0.289243202397602
0.283256371628372
0.286982868331668
0.287410499100899
0.290281734265734
0.293152969430569
0.294741312287712
0.291198085914086
0.289121022177822
0.291320266133866
0.288204670529471
0.291686806793207
0.293152969430569
0.285699976023976
0.296940556243756
0.286249787012987
0.286310877122877
0.287532679320679
0.285761066133866
0.28252329030969
0.283012011188811
0.275192477122877
0.280629496903097
0.280690587012987
0.285027984815185
0.281240398001998
0.286738507892108
0.278613523276723
0.279102244155844
0.274276125474526
0.277574991408591
0.273298683716284
0.275436837562438
0.270488538661339
0.267189672727273
0.260530850749251
0.262119193606394
0.261019571628372
0.256559993606394
0.255399281518482
0.258087246353646
0.252344776023976
0.261752652947053
0.249595721078921
0.249473540859141
0.251917145254745
0.249962261738262
0.248373918881119
0.239760213386613
0.244586332067932
0.247457567232767
0.238599501298701
0.242264907892108
0.24360889030969
0.238660591408591
0.234934094705295
0.236950068331668
0.237316608991009
0.239210402397602
0.235239545254745
0.235667176023976
0.236094806793207
0.241226376023976
0.234934094705295
0.23762205954046
0.236278077122877
0.23774423976024
0.232612670529471
0.236155896903097
0.229558165034965
0.237011158441558
0.231757408991009
0.227297830969031
0.23236831008991
0.231329778221778
0.227603281518482
0.228641813386613
0.231451958441558
0.233529022177822
0.228825083716284
0.227236740859141
0.228275272727273
0.227114560639361
0.225770578221778
0.229130534265734
0.226137118881119
0.230474516683317
0.224976406793207
0.227847641958042
0.226076028771229
0.223937874925075
0.219661567232767
0.221982991408591
0.218439765034965
0.225587307892108
0.214285637562438
0.2213110001998
0.221921901298701
0.213308195804196
0.221860811188811
0.220089198001998
0.219050666133866
0.224976406793207
0.224732046353646
0.221738630969031
0.223326973826174
0.2268702001998
0.225220767232767
0.225770578221778
0.226014938661339
0.230107976023976
0.233712292507493
0.233406841958042
0.231818499100899
0.227175650749251
0.22650365954046
0.234750824375624
0.242142727672328
0.23811078041958
0.230413426573427
0.227236740859141
0.229069444155844
0.233834472727273
0.225465127672328
0.234506463936064
0.223449154045954
0.222654982617383
0.225770578221778
0.226076028771229
0.22699238041958
0.223632424375624
0.217645593606394
0.219967017782218
0.220700099100899
0.219478296903097
0.220455738661339
0.215018718881119
0.211842033166833
0.214529998001998
0.217462323276723
0.213063835364635
0.213858006793207
0.212391844155844
0.211475492507493
0.209581699100899
0.217279052947053
0.204938850749251
0.205855202397602
0.207504635364635
0.209337338661339
0.211108951848152
0.207993356243756
0.206588283716284
0.214652178221778
0.203594868331668
0.207687905694306
0.195653154045954
0.205183211188811
0.202250885914086
0.202922877122877
0.20469449030969
0.202556336463536
0.198035668331668
0.196019694705295
0.197241496903097
0.188933241958042
0.196997136463536
0.197180406793207
0.194492441958042
0.197058226573427
0.196997136463536
0.198341118881119
0.190399404595405
0.195530973826174
0.194186991408591
0.191560116683317
0.188139070529471
0.193087369430569
0.188322340859141
0.18758925954046
0.184412573826174
0.193087369430569
0.187405989210789
0.184168213386613
0.183312951848152
0.185878736463536
0.179586455144855
0.18777252987013
0.18209114965035
0.177020670529471
0.18807798041958
0.185267835364635
0.179281004595405
0.185817646353646
0.179708635364635
0.187161628771229
0.186795088111888
0.182946411188811
0.183801672727273
0.188444521078921
0.18209114965035
0.184290393606394
0.189605233166833
0.186489637562438
0.191315756243756
0.186245277122877
0.185756556243756
0.186000916683317
0.191560116683317
0.186611817782218
0.1879558001998
0.190277224375624
0.191804477122877
0.190277224375624
0.18807798041958
0.192048837562438
0.188749971628372
0.185451105694306
0.192232107892108
0.18771143976024
0.191621206793207
0.186917268331668
0.193881540859141
0.194186991408591
0.199318560639361
0.191743387012987
0.199868371628372
0.19913529030969
0.19895201998002
0.209031888111888
0.19895201998002
0.201701074925075
0.199624011188811
0.211903123276723
0.199746191408591
0.206282833166833
0.201151263936064
0.199990551848152
0.199929461738262
0.199257470529471
0.192904099100899
0.200357092507493
0.199257470529471
0.197730217782218
0.193698270529471
0.190521584815185
0.193026279320679
0.195775334265734
0.197974578221778
0.187283808991009
0.192843008991009
0.19345391008991
0.195469883716284
0.192354288111888
0.188505611188811
0.178670103496504
0.186611817782218
0.188505611188811
0.178242472727273
0.173721804595405
0.1823966001998
0.177081760639361
0.184473663936064
0.178853373826174
0.173721804595405
0.183068591408591
0.180014085914086
0.178364652947053
0.175493417782218
0.179525365034965
0.172011281518482
0.167429523276723
0.171889101298701
0.180441716683317
0.172683272727273
0.172988723276723
0.1712782001998
0.178364652947053
0.172011281518482
0.17103383976024
0.179097734265734
0.173355263936064
0.180136266133866
0.177326121078921
0.179769725474525
0.181785699100899
0.176226499100899
0.169078956243756
0.181419158441558
0.188505611188811
0.174882516683317
0.181968969430569
0.186428547452547
0.18789471008991
0.183190771628372
0.184412573826174
0.188200160639361
0.188444521078921
0.18801689030969
0.197180406793207
0.190399404595405
0.183557312287712
0.191132485914086
0.190949215584416
0.191560116683317
0.194797892507493
0.190704855144855
0.19314845954046
0.189360872727273
0.190216134265734
0.188566701298701
0.195897514485515
0.191865567232767
0.191926657342657
0.197791307892108
0.197241496903097
0.196202965034965
0.192476468331668
0.201762165034965
0.189849593606394
0.195408793606394
0.194370261738262
0.201945435364635
0.196264055144855
0.19895201998002
0.192659738661339
0.194370261738262
0.198463299100899
0.195469883716284
0.196752776023976
0.187344899100899
0.1935150001998
0.187344899100899
0.185573285914086
0.185817646353646
0.184229303496504
0.184779114485514
0.179281004595405
0.177631571628372
0.175615598001998
0.177631571628372
0.177142850749251
0.169995307892108
0.173171993606394
0.178670103496504
0.170667299100899
0.174943606793207
0.174332705694306
0.172500002397602
0.177326121078921
0.170667299100899
0.178914463936064
0.179097734265734
0.178547923276723
0.181480248551449
0.181419158441558
0.188872151848152
0.192476468331668
0.186733998001998
0.187405989210789
0.196936046353646
0.188627791408591
0.191621206793207
0.195714244155844
0.188383430969031
0.192965189210789
0.191010305694306
0.196691685914086
0.198341118881119
0.196019694705295
0.192171017782218
0.203839228771229
0.200357092507493
0.208726437562438
0.214896538661339
0.207993356243756
0.213919096903097
0.213308195804196
0.213674736463536
0.222288441958042
0.218500855144855
0.219050666133866
0.217889954045954
0.223876784815185
0.222044081518482
0.218684125474525
0.219783747452547
0.225953848551449
0.221982991408591
0.220394648551449
0.218928485914086
0.212819474925075
0.217034692507493
0.223876784815185
0.215140899100899
0.217645593606394
0.214529998001998
0.217767773826174
0.211719852947053
0.211842033166833
0.208054446353646
0.209215158441558
0.207321365034965
0.207443545254745
0.197974578221778
0.201945435364635
0.193820450749251
0.196080784815185
0.200357092507493
0.192048837562438
0.195836424375624
0.191682296903097
0.189849593606394
0.184901294705295
0.1823966001998
0.18245769030969
0.177631571628372
0.17665412987013
0.18245769030969
0.172988723276723
0.185390015584416
0.179891905694306
0.186489637562438
0.170667299100899
0.179342094705295
0.178425743056943
0.175921048551449
0.186917268331668
0.179036644155844
0.18807798041958
0.188627791408591
0.180197356243756
0.180075176023976
0.194064811188811
0.192904099100899
0.188872151848152
0.190155044155844
0.19895201998002
0.198585479320679
0.201823255144855
0.19876874965035
0.212636204595405
0.208237716683317
0.210620230969031
0.21562961998002
0.218561945254745
0.223693514485515
0.230718877122877
0.224121145254745
0.226259299100899
0.232001769430569
0.230841057342657
0.235239545254745
0.242753628771229
0.237438789210789
0.240371114485515
0.238966041958042
0.241043105694306
0.23768314965035
0.234811914485515
0.242264907892108
0.238355140859141
0.236094806793207
0.234934094705295
0.228336362837163
0.227175650749251
0.229313804595405
0.222777162837163
0.225159677122877
0.218317584815185
0.210620230969031
0.212086393606394
0.217217962837163
0.209642789210789
0.201823255144855
0.206771554045954
0.210986771628372
0.20451121998002
0.195592063936064
0.195530973826174
0.200234912287712
0.192537558441558
0.191621206793207
0.194125901298701
0.194186991408591
0.191682296903097
0.189544143056943
0.194492441958042
0.201456714485514
0.19363718041958
0.197241496903097
0.197363677122877
0.19345391008991
0.201456714485514
0.19870765954046
0.202556336463536
0.19889092987013
0.203900318881119
0.205977382617383
0.201639984815185
0.199379650749251
0.208848617782218
0.198035668331668
0.205122121078921
0.204938850749251
0.20988714965035
