0.111043351848152
0.113242595804196
0.116052740859141
0.110432450749251
0.117396723276723
0.116052740859141
0.116541461738262
0.12668241998002
0.124788626573427
0.123994455144855
0.139877883716284
0.134746314485514
0.133952143056943
0.137067738661339
0.141160776023976
0.147208696903097
0.139877883716284
0.145498173826174
0.152218085914086
0.150263202397602
0.157777285914086
0.156188943056943
0.148369408991009
0.167246252947053
0.167857154045954
0.168284784815185
0.168162604595405
0.173905074925075
0.178181382617383
0.177692661738262
0.180136266133866
0.188261250749251
0.190521584815185
0.191376846353646
0.188322340859141
0.198096758441558
0.199257470529471
0.1990742001998
0.197852398001998
0.20451121998002
0.203839228771229
0.217951044155844
0.213369285914086
0.211597672727273
0.213796916683317
0.213980187012987
0.214041277122877
0.220028107892108
0.2213110001998
0.216484881518482
0.224732046353646
0.223265883716284
0.228641813386613
0.22656474965035
0.237194428771229
0.233406841958042
0.234384283716284
0.23218503976024
0.239332582617383
0.242203817782218
0.242325998001998
0.24336452987013
0.246052494705295
0.256804354045954
0.255154921078921
0.253505488111888
0.253810938661339
0.26016431008991
0.260469760639361
0.260775211188811
0.264012987012987
0.275925558441558
0.267006402397602
0.27140489030969
0.275192477122877
0.272504512287712
0.279102244155844
0.284539263936064
0.280812767232767
0.289426472727273
0.290953725474525
0.288204670529471
0.297856907892108
0.294802402397602
0.300483782617383
0.29370278041958
0.298651079320679
0.30433245954046
0.305920802397602
0.301033593606394
0.31019711008991
0.31038038041958
0.319482806793207
0.313862516683317
0.3213766001998
0.325530727672328
0.319116266133866
0.327729971628372
0.324553285914086
0.32687471008991
0.328401962837163
0.337382208991009
0.342025057342657
0.333777892507493
0.33793201998002
0.345323923276723
0.342025057342657
0.34898932987013
0.350944213386613
0.348134068331668
0.352960187012987
0.347095536463537
0.35467071008991
0.347400987012987
0.355403791408591
0.356869954045954
0.355220521078921
0.364811668331668
0.357664125474526
0.363162235364635
0.362123703496504
0.361634982617383
0.359191378221778
0.370493048551449
0.37153158041958
0.373242103496504
0.369026885914086
0.372142481518482
0.376296608991009
0.367621813386613
0.37678532987013
0.380450736463537
0.38264998041958
0.38222234965035
0.379900925474525
0.384421593606394
0.38772045954046
0.388331360639361
0.383505241958042
0.386926288111888
0.387415008991009
0.389797523276723
0.38820918041958
0.395234543056943
0.389064441958042
0.394868002397602
0.394562551848152
0.394562551848152
0.400671562837163
0.396822885914086
0.401587914485515
0.403542798001998
0.40433696943057
0.403298437562438
0.40445914965035
0.406780573826174
0.407086024375624
0.40445914965035
0.411362332067932
0.412645224375624
0.410629250749251
0.407391474925075
0.419304046353646
0.414722288111888
0.41014052987013
0.406108582617383
0.418693145254745
0.416554991408591
0.419670587012987
0.421747650749251
0.414416837562438
0.420159307892108
0.417898973826174
0.42156438041958
0.42119783976024
0.425107606793207
0.424130165034965
0.424985426573427
0.429811545254745
0.427367940859141
0.429261734265734
0.430422446353646
0.428834103496504
0.429322824375624
0.42669594965035
0.434637663936064
0.434271123276723
0.427856661738262
0.430116995804196
0.432988230969031
0.429261734265734
0.430666806793207
0.434576573826174
0.43799761998002
0.434515483716284
0.440929945254745
0.434026762837163
0.436470367232767
0.442762648551449
0.431399888111888
0.439647052947053
0.431155527672328
0.444228811188811
0.447038956243756
0.439830323276723
0.437264538661339
0.440624494705295
0.438547430969031
0.447894217782218
0.443862270529471
0.447588767232767
0.44331245954046
0.442335017782218
0.448749479320679
0.441296485914086
0.453331237562438
0.446305874925075
0.441907387012987
0.456019202397602
0.449665830969031
0.4436790001998
0.44887165954046
0.456141382617383
0.452659246353646
0.450826543056943
0.455286121078921
0.455041760639361
0.464693998001998
0.455652661738262
0.456385743056943
0.457974085914086
0.461944943056943
0.461822762837163
0.466160160639361
0.45455303976024
0.462006033166833
0.461883852947053
0.463044565034965
0.462739114485515
0.472696802397602
0.47123063976024
0.466832151848152
0.47159718041958
0.471658270529471
0.462739114485515
0.463288925474525
0.473368793606394
0.483265391408591
0.4770342001998
0.474285145254745
0.481860318881119
0.477950551848152
0.482043589210789
0.482104679320679
0.482165769430569
0.484365013386613
0.483387571628372
0.479538894705295
0.479172354045954
0.494689241958042
0.485647905694306
0.494261611188811
0.486075536463537
0.497743747452547
0.495422323276723
0.501225883716284
0.4992710001998
0.494567061738262
0.502997496903097
0.506418543056943
0.507029444155844
0.505013470529471
0.506785083716284
0.505685461738262
0.510572670529471
0.505257830969031
0.519064195804196
0.513443905694306
0.516498411188811
0.51600969030969
0.518208934265734
0.517170402397602
0.520530358441558
0.522301971628372
0.518880925474526
0.51600969030969
0.524745576023976
0.534581083716284
0.528410982617383
0.540384644155844
0.533603641958042
0.542522798001998
0.539895923276723
0.539407202397602
0.540995545254745
0.546371474925075
0.545943844155844
0.547959817782218
0.546371474925075
0.547898727672328
0.551930674925075
0.555534991408591
0.556329162837163
0.560666560639361
0.558589496903097
0.555718261738262
0.562315993606394
0.570318798001998
0.563476705694306
0.569341356243756
0.576488899100899
0.578321602397602
0.575755817782218
0.57691652987013
0.580337576023976
0.581803738661339
0.576061268331668
0.583208811188811
0.5882182001998
0.585285874925075
0.596526455144855
0.596098824375624
0.59921441998002
0.596159914485515
0.606789593606394
0.608377936463537
0.609905189210789
0.609355378221778
0.615403299100899
0.622367571628372
0.615525479320679
0.621817760639361
0.620412688111888
0.626155158441559
0.631714358441559
0.634646683716284
0.633119430969031
0.634402323276723
0.63794554965035
0.633119430969031
0.641061145254745
0.639961523276723
0.646498165034965
0.653095896903097
0.654134428771229
0.654134428771229
0.656028222177822
0.657799835364635
0.651507554045954
0.666535721078921
0.664580837562438
0.669468046353646
0.664764107892108
0.673805444155844
0.674294165034965
0.67166729030969
0.678509382617383
0.6771654001998
0.683824222177822
0.671972740859141
0.683946402397603
0.683152230969031
0.683518771628372
0.681380617782218
0.690910674925075
0.691704846353646
0.685962376023976
0.69359863976024
0.691582666133866
0.693109918881119
0.688955791408592
0.701784714485515
0.700807272727273
0.706366472727273
0.705266850749251
0.705877751848152
0.708993347452548
0.71009296943057
0.716263070529471
0.718217954045954
0.712231123276723
0.709665338661339
0.715041268331668
0.712903114485515
0.711986762837163
0.708993347452548
0.712292213386614
0.726098578221778
0.722555351848152
0.724082604595405
0.722982982617383
0.722127721078921
0.723166252947053
0.723410613386614
0.727748011188811
0.729275263936064
0.730130525474526
0.733429391408592
0.729947255144855
0.731902138661339
0.732329769430569
0.737461338661339
0.733734841958042
0.742287457342657
0.742531817782218
0.739232951848152
0.741432195804196
0.740699114485515
0.745158692507493
0.741248925474526
0.751817514485515
0.749801540859141
0.753100406793207
0.747296846353646
0.741737646353646
0.755482921078921
0.751939694705295
0.749862630969031
0.750168081518482
0.753283677122877
0.76018685954046
0.762874824375624
0.7605534001998
0.751206613386614
0.761408661738262
0.763730085914086
0.763241365034965
0.764768617782218
0.770144547452548
0.758415246353646
0.769411466133866
0.765440608991009
0.774787395804196
0.768678384815185
0.772343791408592
0.770877628771229
0.773871044155844
0.78254583976024
0.76592932987013
0.783034560639361
0.786516696903097
0.779552424375624
0.779552424375624
0.77710881998002
0.786211246353646
0.792686798001998
0.784683993606394
0.784989444155844
0.786699967232767
0.791770446353646
0.793419879320679
0.797757277122877
0.801178323276723
0.798062727672328
0.802216855144855
0.797146376023976
0.804171738661339
0.798001637562438
0.800445241958042
0.797818367232767
0.805454630969031
0.809730938661339
0.804049558441559
0.811013830969031
0.808386956243756
0.812479993606394
0.808509136463537
0.813335255144855
0.809975299100899
0.815045778221778
0.819505356243756
0.81571776943057
0.81571776943057
0.814129426573427
0.820482798001998
0.820666068331668
0.82683616943057
0.825431096903097
0.824209294705295
0.818100283716284
0.823109672727273
0.818039193606394
0.773199052947053
0.658716187012987
0.473368793606394
0.259125778221778
0.101452204595405
0.0618047232767233
0.147086516683317
0.336404767232767
0.541239905694306
0.745830683716284
0.895990173826174
1.00100407272727
1.03332074085914
1.00656327272727
0.913523035364636
0.756154912287712
0.571968230969031
0.422297461738262
0.3602910001998
0.373425373826174
0.458035176023976
0.584430613386614
0.717057241958042
0.812602173826174
0.873997734265734
0.885604855144855
0.859947008991009
0.795924573826174
0.74925172987013
0.705389030969031
0.68284678041958
0.70465594965035
0.741187835364636
0.800200881518482
0.846385004595405
0.879007123276723
0.877785321078921
0.856159422177822
0.818161373826174
0.767456582617383
0.707343914485515
0.663053584815185
0.63837318041958
0.63788445954046
0.653156987012987
0.683091140859141
0.693232099100899
0.718340134265734
0.739843852947053
0.751512063936064
0.770266727672328
0.759209417782218
0.749618270529471
0.756032732067932
0.764340987012987
0.780041145254745
0.785783615584416
0.792259167232767
0.794030780419581
0.796840925474526
0.791831536463537
0.800567422177822
0.792381347452548
0.790182103496504
0.799834340859141
0.803194296903097
0.794030780419581
0.7994678001998
0.818833365034965
0.825064556243756
0.841925426573427
0.848462068331668
0.846629365034965
0.858664116683317
0.858908477122877
0.857808855144855
0.856525962837163
0.85475434965035
0.850539132067932
0.856464872727273
0.850233681518482
0.846385004595405
0.840886894705295
0.830562666133866
0.828241241958042
0.815045778221778
0.805943351848152
0.809608758441559
0.81015856943057
0.816450850749251
0.819505356243756
0.825064556243756
0.835144424375625
0.851150033166833
0.86031354965035
0.876380248551449
0.873447923276723
0.8717374001998
0.883894332067932
0.873570103496504
0.865261848551449
0.853715817782218
0.836427316683317
0.825431096903097
0.824392565034965
0.82158241998002
0.820238437562438
0.820238437562438
0.831112477122877
0.833311721078921
0.841681066133866
0.835266604595405
0.857625584815185
0.872775932067932
0.886765567232767
0.912240143056943
0.918776784815185
0.951765444155844
0.950788002397603
0.958974077122877
0.964105646353646
0.969176125474526
0.976384758441559
0.982188318881119
0.992695817782218
0.999110279320679
1.00705199360639
1.01419953646354
1.00992322877123
1.00326440679321
1.00882360679321
1.02733391008991
1.06301053426573
1.07657253866134
1.08750766833167
1.08817965954046
1.08555278481518
1.08286481998002
1.0774278001998
1.0613611012987
1.04816563756244
1.03784140899101
1.02702845954046
1.03148803756244
1.03674178701299
1.05323611668332
1.06936390569431
1.07687798921079
1.09202833646354
1.08396444195804
1.07962704415584
1.09367776943057
1.07651144855145
1.08060448591409
1.08280372987013
1.08555278481518
1.08488079360639
1.09184506613387
1.09838170789211
1.10815612547453
1.10748413426573
1.10681214305694
1.10980555844156
1.10730086393606
1.10455180899101
1.11915234525475
1.12477263536464
1.13020965514486
1.13741828811189
1.14053388371628
1.14652071448551
1.15702821338661
1.17431671448551
1.17559960679321
1.18018136503497
1.17382799360639
1.1645422969031
1.15018612107892
1.15201882437562
1.16191542217782
1.17114002877123
1.19679787492508
1.21042096943057
1.22654875844156
1.23204686833167
1.22654875844156
1.22239463096903
1.21133732107892
1.19575934305694
1.19924147932068
1.20394541778222
1.22172263976024
1.2398664023976
1.25910978701299
1.276337198002
1.29582494305694
1.30254485514486
1.31042547932068
1.30058997162837
1.29441987052947
1.28598943536464
1.26833439360639
1.26143121118881
1.25483347932068
1.25544438041958
1.24823574745255
1.25061826173826
1.26308064415584
1.27377141338661
1.28519526393606
1.28647815624376
1.2713888991009
1.25526111008991
1.25397821778222
1.25752144415584
1.26863984415584
1.29478641118881
1.30871495624376
1.33027976503497
1.35221111448551
1.35880884635365
1.34396394965035
1.33473934305694
1.30272812547453
1.26246974305694
1.24640304415584
1.24493688151848
1.26106467052947
1.28666142657343
1.32301004195804
1.34634646393606
1.3862993958042
1.39772324635365
1.40810856503497
1.37560862657343
1.35807576503497
1.31567922877123
1.28666142657343
1.26692932107892
1.26650169030969
1.28152985734266
1.30285030569431
1.33724403756244
1.3585033958042
1.37487554525475
1.39265276723277
1.39155314525475
1.37964057382617
1.36882762437562
1.3510504023976
1.33669422657343
1.32814161118881
1.32801943096903
1.32869142217782
1.34280323756244
1.34121489470529
1.35269983536464
1.35526561998002
1.35587652107892
1.35648742217782
1.35068386173826
1.3454912023976
1.3405429034965
1.32863033206793
1.32374312327672
1.32746961998002
1.33614441558442
1.33742730789211
1.35331073646354
1.36247425294705
1.38483323316683
1.38843754965035
1.39326366833167
1.39766215624376
1.38831536943057
1.39436329030969
1.3911866045954
1.38862081998002
1.37359265294705
1.36424586613387
1.35288310569431
1.36540657822178
1.37414246393606
1.38739901778222
1.40529841998002
1.40285481558442
1.40694785294705
1.40505405954046
1.38990371228771
1.37420355404595
1.34756826613387
1.34237560679321
1.35269983536464
1.36418477602398
1.39301930789211
1.40340462657343
1.40450424855145
1.41244596283716
1.41568373866134
1.41372885514486
1.39399674965035
1.37469227492508
1.36424586613387
1.35886993646354
1.36180226173826
1.36332951448551
1.37304284195804
1.38495541338661
1.40920818701299
1.41867715404595
1.4115907012987
1.39717343536464
1.37731914965035
1.35123367272727
1.34335304855145
1.33730512767233
1.35880884635365
1.39436329030969
1.42894029250749
1.45740828371628
1.46809905294705
1.46131805074925
1.43223915844156
1.39815087712288
1.37560862657343
1.34866788811189
1.33449498261738
1.34042072327672
1.35379945734266
1.37774678041958
1.40206064415584
1.42093748811189
1.42490834525475
1.42222038041958
1.41482847712288
1.38654375624376
1.36235207272727
1.35819794525475
1.35740377382617
1.36308515404595
1.37041596723277
1.37542535624376
1.38300052987013
1.38238962877123
1.37505881558442
1.37560862657343
1.37194321998002
1.36375714525475
1.35172239360639
1.35557107052947
1.37017160679321
1.37230976063936
1.35080604195804
1.34152034525475
1.34854570789211
1.35679287272727
1.37475336503497
1.37530317602398
1.37151558921079
1.34683518481518
1.34268105734266
1.3214216991009
1.29802418701299
1.27810881118881
1.27468776503497
1.27499321558442
1.28134658701299
1.29295370789211
1.3084705958042
1.31555704855145
1.33828256943057
1.3424366969031
1.33425062217782
1.31121965074925
1.27407686393606
1.25446693866134
1.23607881558442
1.23394066173826
1.23791151888112
1.24463143096903
1.23846132987013
1.22966435404595
1.23119160679321
1.24053839360639
1.25171788371628
1.25880433646354
1.24200455624376
1.22764838041958
1.22471605514486
1.21219258261738
1.20394541778222
1.19166630569431
1.18830634965035
1.17303382217782
1.17285055184815
1.16619172987013
1.16087689030969
1.14645962437562
1.19087213426573
1.33370081118881
0.557184424375624
-0.856379628371628
-2.55279088991009
-3.69291561078921
-3.51318850749251
-2.48265944375624
-1.32164190529471
-0.33479227012987
0.10444561998002
-0.0887213074925075
-0.489777878921079
-0.853936023976024
-0.876722634965035
-0.935430230569431
-0.897126731668332
-2.38741996243756
-6.37959755364635
-10.5705012723277
-14.6536420371628
-17.394266547053
-19.3092582217782
-20.8856885074925
-22.4390878217782
-23.7828258789211
-24.9277767184815
-25.9374129646354
-26.215006423976
-25.480642212987
-23.6019380635365
-21.15949438002
-17.7495055360639
-13.9067543536464
-9.37038606353646
-4.85313897782218
-0.348415364635365
3.10140423096903
6.54615334745255
8.53903491228771
11.2447158793207
11.3369619452547
14.8556300947053
10.1298213738262
10.1628100331668
7.86594408151848
5.35660672767233
6.1307406001998
4.85933323316683
2.33392918041958
2.10752923316683
0.869293795804196
-7.25556863936064
-9.17660823496504
-9.34417840639361
-15.571398758042
-20.3353887976024
-21.6138215272727
-21.3832674525475
-20.7291145558442
-20.8379771316683
-19.892546591009
-18.8990381338661
-17.5727718481519
-16.2155939668332
-14.5626177734266
-13.219857158042
-11.7872940811189
-10.5664693250749
-9.69275857342657
-8.84195661298701
-7.85822257342657
-7.18061107452548
-6.79128380419581
-6.64393445914086
-6.20371912727273
-5.52665743936064
-5.1785049030969
-4.89229773826174
-4.32770294265734
-4.03129372947053
-3.99482293386613
-3.64013375584416
-3.59205583936064
-3.18024740859141
-2.78927070529471
-2.29859494265734
-1.41052801518482
-1.0764262041958
-0.124397931668332
0.974490965034965
2.72069066613387
3.91830118041958
4.2313269034965
3.75793964195804
3.25510694745255
3.05057725954046
3.18240971668332
3.094195598002
3.26585880679321
2.84604757162837
2.70920572547453
1.9811337958042
1.48923623096903
0.368660345254745
4.82157954525475
-2.63636216023976
-0.932742265734266
1.08518624415584
0.200051641958042
0.22693129030969
0.211231132067932
-0.0599478657342657
0.121734121078921
0.309586208991009
0.197485857342657
0.553641198001998
0.236278077122877
0.317039202397602
0.0932050397602398
0.0412173562437562
0.0731063936063936
0.145864714485514
0.477645101298701
0.725121136463537
0.930750446353646
1.06869191448551
1.0514645034965
1.08347572107892
0.99391761998002
0.487297338661339
-0.286775443756244
-1.09896845474525
-1.88397636683317
-2.60838288991009
-3.32887964595405
-3.97851187452547
-4.40815861738262
-4.78209118001998
-5.09383401078921
-5.09230675804196
-5.0086743976024
-4.59203984815185
-3.78039664815185
-2.85286550969031
-1.78299441518482
-0.429787391008991
2.04167409470529
3.51064687712288
4.07090427492508
4.7946998969031
5.88185949250749
6.41309908811189
6.46905762877123
5.70042186613387
3.1769726969031
3.63600378261738
4.55510448591409
4.02765247712288
2.93407841998002
1.54776055624376
1.06527086833167
2.49080858261738
3.12810060899101
2.87561518481518
2.02847863096903
1.24902991888112
1.23931659140859
0.851883114485515
0.637334648551449
0.277391721078921
-0.124947742657343
-0.0798632415584416
-0.323001878921079
-0.280666432767233
-0.327950177822178
-0.532479865734266
-0.476215874525475
-0.530402801998002
-0.274251971228771
0.0527022969030969
0.116419281518482
-0.101916771228771
-0.420501694305694
-0.393805316283716
-0.331249043756244
-0.35696798001998
-0.517329518481519
-0.70133292947053
-0.648917615184815
-0.667550098701299
-0.695346098701299
-0.696812261338661
-0.731877984415584
-0.613790801998002
-0.501995900899101
-0.411643628371628
-0.369247092107892
-0.334120278921079
-0.234971030569431
-0.0838951888111888
0.0910057958041958
0.19876874965035
0.304271369430569
0.393096389210789
0.427734481518482
0.510939211188811
0.536169426573427
0.596282094705295
0.640633514485515
0.684435123276723
0.764585347452548
1.06301053426573
1.11860253426573
0.716385250749251
0.434515483716284
0.393035299100899
0.574839466133866
0.867644362837163
1.02446267492507
1.0181093034965
0.903931888111888
0.755299650749251
0.719012125474526
0.757315624375625
0.818222463936064
0.856831413386614
0.824881285914086
0.722799712287712
0.6438102001998
0.595976644155844
0.579360134265734
0.60465143976024
0.605445611188811
0.577649611188811
0.58253681998002
0.544844222177822
0.507334894705295
0.511916652947053
0.462739114485515
0.427367940859141
0.406719483716284
0.353815448551449
0.335732776023976
0.286066516683317
0.248557189210789
0.220089198001998
0.211170041958042
0.204938850749251
0.20994823976024
0.18758925954046
0.149469030969031
0.10450671008991
0.046104565034965
-0.0255541338661339
-0.0364892635364635
-0.0323351360639361
-0.00796018221778222
0.0196525474525475
0.030526587012987
0.0729231232767233
0.112020793606394
0.114708758441558
0.124177725474525
0.107866666133866
0.0828808111888112
0.0773827012987013
0.0745725562437562
0.0720678617382617
0.0748780067932068
0.0628432551448551
0.0344974441558442
0.0311985782217782
0.0570396947052947
0.0615603628371628
0.0893563628371628
0.0799484859140859
0.0870960287712288
0.0884400111888112
0.0704795188811189
0.051113954045954
0.0511750441558442
-0.0146800943056943
0.244280881518482
0.511183571628372
0.21569071008991
-0.060619856943057
-0.603955294305694
-0.921990406393607
-0.470534494305694
0.374280635364635
1.16289286393606
1.38892627052947
1.03448145294705
0.437631079320679
0.111837523276723
0.141588406793207
0.316917022177822
0.398655589210789
0.379717655144855
0.355037250749251
0.275986648551449
0.179342094705295
0.118496345254745
0.0504419628371628
-0.0446142481518482
-0.152682652547453
-0.332287575624376
-0.594913958041958
-0.994260006393606
-1.64047118881119
-2.58168651188811
-3.28458931628372
-3.46773746573427
-3.46120082397602
-3.45136531628372
-3.48612558881119
-3.58643554925075
-3.75082903496504
-3.88174514045954
-4.03275989210789
-4.20118532507492
-4.49545638441558
-4.87562013826174
-5.20654526353646
-5.29592009430569
-5.10336406793207
-5.016677201998
-5.09975975144855
-5.16720323276723
-5.1290830041958
-5.12254636243756
-5.14185083716284
-5.20092497342657
-5.31278096463536
-5.41919993606394
-5.45432674925075
-5.39519152287712
-5.22566646793207
-4.95271585694306
-4.59759904815185
-4.2056449030969
-3.88962576463537
-3.7893158041958
-3.72620972067932
-3.69370978221778
-3.27597561078921
-3.28293988331668
-3.37811827452548
-3.36889366793207
-3.38221131188811
-3.3137292987013
-3.21018156243756
-3.00956164155844
-2.82232045474526
-2.6212729030969
-2.46011719320679
-2.34343508331668
-2.28350568551449
-2.25858092067932
-2.22180467452548
-2.18417316683317
-2.15356702177822
-2.10664981738262
-2.07763201518482
-2.05399014265734
-2.02509452067932
-2.0023689998002
-1.96003355364635
-1.91885881958042
-1.85789088991009
-1.79649532947053
-1.73283943496504
-1.64383114485515
-1.52146765474525
-1.37674518441558
-1.22970128991009
-1.03018099100899
-0.805125026173826
-0.610064305294705
-0.435896401998002
-0.298382564635365
-0.149383786613387
0.018858376023976
0.216851422177822
0.398594499100899
0.453514507892108
0.442579378221778
0.457485365034965
0.485647905694306
0.542706068331668
0.617052732067932
0.69347645954046
0.764829707892108
0.844430121078921
0.912056872727273
0.986342446353646
1.04621075404595
1.12697187932068
1.19368227932068
1.27896407272727
1.35715941338661
1.42839048151848
1.4912522045954
1.54714965514486
1.59125671448551
1.61618147932068
1.65925000679321
1.67519452547453
1.70024147052947
1.72272263096903
1.74960227932068
1.74068312327672
1.73787297822178
1.74489834085914
1.75827707492508
1.77018964635365
1.77299979140859
1.77782591008991
1.80421683756244
1.81777884195804
1.84258142657343
1.87447046393606
1.88302307932068
1.88913209030969
1.90000612987013
1.89389711888112
1.89157569470529
1.88497796283716
1.87184358921079
1.86377969470529
1.84099308371628
1.83573933426573
1.81362471448551
1.77880335184815
1.76065958921079
1.75607783096903
1.74996881998002
1.74465398041958
1.72687675844156
1.60097004195804
1.41507283756244
1.23833914965035
1.10455180899101
1.09942023976024
1.24585323316683
1.45850790569431
1.73426866173826
1.94338010789211
2.02817318041958
2.04356788811189
2.03318256943057
1.96396747492508
1.83763312767233
1.63976226173826
1.42222038041958
1.22172263976024
1.12281775184815
1.09361667932068
1.14670398481518
1.24518124195804
1.34481921118881
1.39271385734266
1.39020916283716
1.35489907932068
1.30004016063936
1.21188713206793
1.09557156283716
0.984265382617383
0.876074798001998
0.795252582617383
0.721944450749251
0.66006016943057
0.585102604595405
0.513016274925075
0.406719483716284
0.294558041958042
0.16022089030969
0.0220350617382617
-0.127818977822178
-0.259284894305694
-0.354829826173826
-0.434369149250749
-0.498574854745255
-0.520994925074925
-0.54023830969031
-0.550379267932068
-0.559420604195804
-0.568950661338661
-0.593447795404595
-0.613057720679321
-0.643847136063936
-0.652949562437563
-0.661624358041958
-0.658020041558442
-0.652827382217782
-0.650872498701299
-0.635722151448551
-0.626558634965035
-0.625581193206793
-0.626314274525475
-0.613729711888112
-0.61250790969031
-0.598090643756244
-0.59601358001998
-0.575120762437562
-0.552456331668332
-0.527898107492508
-0.510853966833167
-0.478964929470529
-0.456117228371628
-0.433208437162837
-0.4179969998002
-0.402480111888112
-0.379876771228771
-0.370041263536464
-0.344505597602398
-0.312005659140859
-0.284148569030969
-0.248899575624376
-0.222447558041958
-0.18463278001998
-0.159402564635365
-0.135333061338661
-0.118411100899101
-0.0903707404595405
-0.0794967008991009
-0.0587260635364635
-0.0496236371628372
-0.0166349778221778
-0.0143135536463537
0.00731234525474525
0.0191027364635365
0.0369410485514486
0.0578949562437562
0.068891176023976
0.0751834573426573
0.0798873958041958
0.107133584815185
0.111104441958042
0.122222841958042
0.141038595804196
0.148125048551449
0.169384406793207
0.169995307892108
0.184534754045954
0.18789471008991
0.188994332067932
0.18801689030969
0.189971773826174
0.197546947452547
0.197363677122877
0.205855202397602
0.210559140859141
0.216973602397602
0.223265883716284
0.240920925474525
0.255093830969031
0.278185892507493
0.289609743056943
0.312029813386613
0.33793201998002
0.357114314485515
0.381183817782218
0.407208204595405
0.433049321078921
0.453942138661339
0.470375378221778
0.485464635364635
0.492978718881119
0.486258806793207
0.477645101298701
0.458157356243756
0.441540846353646
0.424741066133866
0.406658393606394
0.398044688111888
0.378984573826174
0.372875562837163
0.364200767232767
0.363650956243756
0.363528776023976
0.352104925474526
0.345140652947053
0.342025057342657
0.327791061738262
0.328890683716284
0.319910437562438
0.314473417782218
0.311113461738262
0.303293927672328
0.302744116683317
0.294069321078921
0.288998841958042
0.278613523276723
0.272504512287712
0.2713438001998
0.263951896903097
0.272565602397602
0.266700951848152
0.277269540859141
0.277574991408591
0.270183088111888
0.277269540859141
0.275681198001998
0.28234001998002
0.275681198001998
0.28258438041958
0.279346604595405
0.278124802397602
0.286127606793207
0.278063712287712
0.271954701298701
0.268961285914086
0.269388916683317
0.257903976023976
0.247213206793207
0.242692538661339
0.234262103496504
0.229924705694306
0.22656474965035
0.224365505694306
0.212269663936064
0.217462323276723
0.204877760639361
0.209031888111888
0.204083589210789
0.214468907892108
0.195469883716284
0.208115536463536
0.207321365034965
0.197058226573427
0.202067615584416
0.186306367232767
0.19882983976024
0.190888125474525
0.195103343056943
0.189360872727273
0.192476468331668
0.182946411188811
0.184595844155844
0.18807798041958
0.185451105694306
0.184107123276723
0.175554507892108
0.167796063936064
0.159732169430569
0.156311123276723
0.147575237562438
0.144520732067932
0.141832767232767
0.1434822001998
0.131936169430569
0.131264178221778
0.133341241958042
0.133952143056943
0.142321488111888
0.139572433166833
0.146719976023976
0.148369408991009
0.152523536463536
0.153684248551449
0.157594015584416
0.160526340859141
0.156188943056943
0.158204916683317
0.153806428771229
0.147391967232767
0.152828987012987
0.152951167232767
0.153928608991009
0.150996283716284
0.142199307892108
0.138717171628372
0.134196503496504
0.1379230001998
0.136884468331668
0.126071518881119
0.138594991408591
0.127904222177822
0.125094077122877
0.13205834965035
0.136701198001998
0.140672055144855
0.134807404595405
0.145314903496504
0.135601576023976
0.141771677122877
0.142688028771229
0.148125048551449
0.139633523276723
0.145192723276723
0.154844960639361
0.158449277122877
0.16028198041958
0.169140046353646
0.177142850749251
0.174149435364635
0.184046033166833
0.194003721078921
0.19919638041958
0.199318560639361
0.20438903976024
0.21013151008991
0.21581289030969
0.221494270529471
0.231268688111888
0.236155896903097
0.241776187012987
0.245502683716284
0.25436074965035
0.253077857342657
0.258392696903097
0.254849470529471
0.258637057342657
0.264318437562438
0.273787404595405
0.275986648551449
0.273176503496504
0.280629496903097
0.281240398001998
0.279285514485515
0.285822156243756
0.28814358041958
0.279896415584416
0.277636081518482
0.28252329030969
0.277697171628372
0.278735703496504
0.267556213386613
0.263951896903097
0.263463176023976
0.261447202397602
0.260836301298701
0.258820327672328
0.255521461738262
0.24916809030969
0.246968846353646
0.240676565034965
0.244952872727273
0.234873004595405
0.230779967232767
0.224060055144855
0.220150288111888
0.223937874925075
0.219233936463536
0.222044081518482
0.223265883716284
0.225220767232767
0.224121145254745
0.221677540859141
0.220761189210789
0.238782771628372
0.235422815584416
0.237499879320679
0.244891782617383
0.250145532067932
0.250634252947053
0.253200037562438
0.247946288111888
0.248129558441558
0.243853250749251
0.252833496903097
0.25454401998002
0.25478838041958
0.255338191408591
0.255460371628372
0.250267712287712
0.255277101298701
0.248679369430569
0.253261127672328
0.258637057342657
0.262363554045954
0.250512072727273
0.251978235364635
0.256315633166833
0.261997013386613
0.25998103976024
0.251672784815185
0.252222595804196
0.248373918881119
0.238843861738262
0.238721681518482
0.239454762837163
0.235300635364635
0.236766798001998
0.244403061738262
0.245013962837163
0.239699123276723
0.239088222177822
0.246113584815185
0.242020547452547
0.244525241958042
0.233590112287712
0.236278077122877
0.233162481518482
0.230169066133866
0.230291246353646
0.230963237562438
0.236705707892108
0.238232960639361
0.244769602397602
0.239149312287712
0.236033716683317
0.230596696903097
0.227542191408591
0.222166261738262
0.228458543056943
0.227236740859141
0.226137118881119
0.220639008991009
0.218867395804196
0.220028107892108
0.219661567232767
0.223754604595405
0.21569071008991
0.209337338661339
0.212208573826174
0.21007041998002
0.216790332067932
0.213674736463536
0.221616450749251
0.232673760639361
0.229985795804196
0.23786641998002
0.239454762837163
0.245013962837163
0.247335387012987
0.247091026573427
0.248129558441558
0.249473540859141
0.259064688111888
0.255216011188811
0.264135167232767
0.269999817782218
0.2713438001998
0.279163334265734
0.288998841958042
0.290220644155844
0.294130411188811
0.291931167232767
0.291686806793207
0.297368187012987
0.294069321078921
0.303721558441558
0.303355017782218
0.304271369430569
0.305065540859141
0.300972503496504
0.296329655144855
0.301400134265734
0.301094683716284
0.301949945254745
0.307386965034965
0.294924582617383
0.296451835364635
0.287043958441559
0.286738507892108
0.29339732987013
0.290953725474525
0.285944336463536
0.281057127672328
0.280324046353646
0.27665863976024
0.284172723276723
0.275497927672328
0.278063712287712
0.27128271008991
0.269205646353646
0.275803378221778
0.269633277122877
0.270244178221778
0.265295879320679
0.264379527672328
0.256804354045954
0.257354165034965
0.266334411188811
0.260897391408591
0.25998103976024
0.249840081518482
0.251550604595405
0.250023351848152
0.248312828771229
0.242509268331668
0.240187844155844
0.244158701298701
0.241654006793207
0.248679369430569
0.239515852947053
0.238416230969031
0.242692538661339
0.23811078041958
0.239576943056943
0.243059079320679
0.245869224375624
0.238232960639361
0.233040301298701
0.246052494705295
0.247885198001998
0.247640837562438
0.252650226573427
0.252283685914086
0.254055299100899
0.253627668331668
0.26004212987013
0.261263932067932
0.269816547452547
0.271771430969031
0.279652055144855
0.278369162837163
0.289915193606394
0.292908608991009
0.306776063936064
0.311541092507493
0.323698024375624
0.323026033166833
0.327302340859141
0.340070173826174
0.341169795804196
0.344896292507493
0.355037250749251
0.358275026573427
0.365361479320679
0.367133092507492
0.379962015584416
0.382772160639361
0.380145285914086
0.396395255144855
0.396517435364635
0.411912143056943
0.408368916683317
0.411362332067932
0.409224178221778
0.405619861738262
0.412706314485515
0.413805936463536
0.426268318881119
0.418937505694306
0.416371721078921
0.415333189210789
0.421625470529471
0.419426226573427
0.427734481518482
0.422419641958042
0.425351967232767
0.424313435364635
0.428284292507493
0.429383914485515
0.428406472727273
0.435554015584416
0.4270014001998
0.430300266133866
0.430422446353646
0.424191255144855
0.434087852947053
0.430055905694306
0.42706249030969
0.43249951008991
0.435981646353646
0.433354771628372
0.432866050749251
0.436897998001998
0.434820934265734
0.428039932067932
0.431399888111888
0.434210033166833
0.430788987012987
0.430116995804196
0.425107606793207
0.427490121078921
0.418815325474525
0.415455369430569
0.41569972987013
0.412950674925075
0.410568160639361
0.407696925474526
0.403787158441558
0.406414033166833
0.398655589210789
0.395906534265734
0.401038103496503
0.390836055144855
0.395784354045954
0.399571940859141
0.39334074965035
0.384910314485514
0.392546578221778
0.391996767232767
0.386376477122877
0.381733628771229
0.380267466133866
0.381794718881119
0.379473294705295
0.383260881518482
0.378312582617383
0.372081391408591
0.366155650749251
0.363101145254745
0.366949822177822
0.361696072727273
0.357847395804196
0.362429154045954
0.359191378221778
0.360718630969031
0.356808863936064
0.356808863936064
0.35460961998002
0.348683879320679
0.352654736463537
0.353693268331668
0.350333312287712
0.345446103496504
0.352654736463537
0.340742165034965
0.340314534265734
0.342330507892108
0.337626569430569
0.330967747452548
0.337382208991009
0.336526947452548
0.328951773826174
0.332678270529471
0.328035422177822
0.32687471008991
0.328585233166833
0.325469637562438
0.325530727672328
0.324553285914086
0.319177356243756
0.324492195804196
0.327485611188811
0.323759114485515
0.327119070529471
0.323881294705295
0.325652907892108
0.329562674925075
0.324675466133866
0.328585233166833
0.329868125474525
0.325347457342657
0.320093707892108
0.323148213386613
0.324675466133866
0.32119332987013
0.326324899100899
0.331151017782218
0.323392573826174
0.328035422177822
0.32113223976024
0.322781672727273
0.32101005954046
0.321682050749251
0.317222472727273
0.322781672727273
0.3213766001998
0.323148213386613
0.325591817782218
0.320826789210789
0.327119070529471
0.329745945254745
0.334327703496504
0.332739360639361
0.334266613386613
0.338542921078921
0.340925435364635
0.340436714485514
0.342330507892108
0.346667905694306
0.342635958441558
0.338604011188811
0.350516582617383
0.34898932987013
0.350027861738262
0.345262833166833
0.36010772987013
0.356503413386613
0.355892512287712
0.348683879320679
0.364506217782218
0.361329532067932
0.372997743056943
0.36566692987013
0.367010912287712
0.378251492507493
0.366216740859141
0.372997743056943
0.370431958441559
0.377212960639361
0.374586085914086
0.367560723276723
0.375135896903097
0.376479879320679
0.376235518881119
0.376052248551449
0.372203571628372
0.375013716683317
0.369026885914086
0.365117118881119
0.368232714485515
0.372570112287712
0.367866173826174
0.362856784815185
0.364384037562438
0.370493048551449
0.364933848551449
0.368049444155844
0.366094560639361
0.364384037562438
0.358091756243756
0.363712046353646
0.366277830969031
0.362490244155844
0.362734604595405
0.357480855144855
0.358824837562438
0.346301365034965
0.348561699100899
0.343796670529471
0.334510973826174
0.339031641958042
