27.67807761998
25.0974481078921
23.1239321078921
21.4025960815185
18.9917970749251
15.5902997562438
13.2237910793207
12.5591306837163
19.4259644859141
14.4002644155844
9.06398222657343
2.6445112991009
-1.30856862177822
-1.44883151408591
-8.84965396683317
-17.0093377646354
-14.009813369031
-16.5384551976024
-22.4191724459541
-22.992380947053
-24.9032184943057
-24.8495813778222
-25.2984104151848
-24.7600232767233
-24.0761194965035
-23.6103684987013
-22.1998589514486
-19.7734208767233
-17.7117518481519
-17.2585243228771
-15.7930947668332
-14.0001000415584
-11.9669600943057
-10.1348066085914
-8.31481005474526
-6.67777838001998
-4.54512264375624
-2.57942617782218
-1.33673116243756
-0.260384516283716
0.273115413386613
0.835694235364636
0.830990296903097
-0.210534986613387
-1.47076286353646
-2.61235374705295
-3.09288855144855
-2.97748933386613
-2.92977795804196
-2.95085404595405
-3.04059541738262
-2.4452722965035
-2.76886660859141
-2.14519767672328
-1.12505393166833
0.133035791408591
0.112448424375624
0.965266358441559
1.43688200679321
8.9115624023976
2.07790052987013
0.742226367232767
1.15996053866134
0.229191624375624
0.141832767232767
-0.138693017382617
-0.241263311888112
-0.509143443756244
-0.726746415184815
-1.20349363276723
-1.45225256023976
-1.76582809430569
-1.75483187452547
-1.70101148771229
-1.68482260859141
-1.63992137782218
-2.1320633030969
-3.68808949210789
-2.99679380859141
-2.21630656463537
-1.7386429954046
-1.24821159320679
-0.96829670969031
-0.725402432767233
-0.52954754045954
-0.513664111888112
-0.508776903096903
-0.575731663536464
-0.426366344855145
-0.16807736023976
0.0944879320679321
0.442823738661339
0.550464512287712
0.403359527672328
0.151668274925075
-0.222264287712288
-0.535290010789211
-0.669199531668332
-0.749105395404595
-0.715200384415584
-0.57915270969031
-0.590026749250749
-0.729800920679321
-0.922967848151848
-0.899325975624376
-0.317381588811189
0.314901048551449
0.63263071008991
0.754138938661339
0.689016881518482
0.619068705694306
0.676310138661339
0.768861655144855
0.82689725954046
0.875647167232767
0.767028951848152
0.490046393606394
0.246724485914086
-0.04565278001998
-0.280116621778222
-0.347071382217782
-0.441638872327672
-0.431436823976024
-0.331310133866134
-0.309439874525475
-0.214444753646354
-0.113707162437562
0.110676811188811
-0.372790318481519
-1.1876102041958
-0.799749096503497
0.0654090397602398
0.406169672727273
0.23255158041958
0.0952210133866134
-0.0385663272727273
-0.0196894833166833
0.125888248551449
0.126987870529471
0.0630265254745255
0.0657144903096903
0.0336421826173826
0.0631487056943057
0.0932050397602398
0.0419504375624376
0.0294880551448551
0.0255782881118881
0.0324814705294705
0.101818745254745
0.139755703496504
0.153562068331668
0.168345874925075
0.123689004595405
0.0853244155844156
0.0758554485514486
0.0815368287712288
0.101391114485514
0.124238815584416
0.1490414001998
0.20469449030969
0.277636081518482
0.338420740859141
0.370798499100899
0.409407448551449
0.433721312287712
0.464877268331668
0.517170402397602
0.522790692507493
0.485525725474526
0.43775325954046
0.285822156243756
0.0787266837162837
-0.135943962437562
-0.310539496503497
-0.462837140459541
-0.594669597602398
-0.752831892107892
-0.924739461338661
-1.07105027452547
-1.25401515364635
-1.39177335144855
-1.47186248551449
-1.54315464375624
-1.49183895144855
-1.3667874965035
-1.19225305254745
-0.872812867932068
-0.46796870969031
0.0448827628371628
0.706366472727273
1.36882762437562
2.02487431448551
2.66131107932068
3.20092001998002
3.68786928591409
4.13407144855145
4.50696547932068
4.88193657382617
5.19630627932068
5.44585937822178
5.64849527272727
5.82712275404595
5.91112165514486
5.94832553206793
5.53553965954046
5.37475049030969
5.86866402877123
6.14821237162837
6.14833455184815
5.91368743976024
5.73945844635365
5.6885092947053
5.64489095624376
5.58520591888112
5.50475024415585
5.42521092107892
5.3129272991009
5.2326548947053
5.14712874085914
4.99580853866134
4.88193657382617
4.74375074525475
4.65181012987013
4.61142956723277
4.51832823976024
4.3851518001998
4.25148663976024
4.06791085954046
3.86203718921079
3.68664748371628
3.4950688991009
3.31185965954046
3.07959506173826
2.84116036283716
2.64781016503497
2.46820524195804
2.29758056503497
2.12799441998002
1.98076725514486
1.8421537958042
1.73909478041958
1.66499247712288
1.62430646393606
1.60549071008991
1.61880835404595
1.637685198002
1.67549997602398
1.72217281998002
1.77532121558442
1.83830511888112
1.93177298701299
1.99585651228771
2.08657532547453
2.10545216943057
2.44328047712288
2.84018292107892
2.78202513646354
2.04759983536464
0.783278921078921
0.516254050749251
1.20699992327672
2.25292369470529
2.80517828811189
2.74201111448551
2.40497697822178
1.94906148811189
1.4530097958042
1.31922245514486
0.995139422177822
0.290953725474525
-0.699255865734266
-1.77554142177822
-2.78572747892108
-3.47085306133866
-3.6448376943057
-3.48441506573427
-3.45215948771229
-3.77563161958042
-4.16031604155844
-4.46668294265734
-4.64329445034965
-4.69888645034965
-4.93475536463536
-5.39012104375624
-5.87535978661339
-6.35632222177822
-6.79329977782218
-7.2428618965035
-7.71869276243756
-8.13844290749251
-8.52037827452548
-8.87280711848152
-9.15064493826174
-9.31522169430569
-9.35004305694306
-9.29506195804196
-9.14923986573427
-8.9340804987013
-8.70499258661339
-8.52318841958042
-8.33735230529471
-8.13563276243756
-7.91906832287712
-7.71032341738262
-7.53297882837163
-7.39412100859141
-7.29912588771229
-7.25214759320679
-7.10907455584416
-6.8950759008991
-6.60135465254745
-6.21092776023976
-5.78641258661339
-5.34845758881119
-4.83536175584416
-4.30894827892108
-3.79792950969031
-3.35148298661339
-3.02904938661339
-2.79226412067932
-2.56812450749251
-2.35492002397602
-2.1296196987013
-1.90493027452547
-1.69410830529471
-1.50808892067932
-1.32732328551449
-1.17740815584416
-1.04209356243756
-0.936835303096903
-0.869452911888112
-0.821558265734266
-0.777390116283716
-0.738170265734266
-0.710985166833167
-0.686426942657343
-0.662235259140859
-0.588682766833167
-0.511403777822178
-0.427893597602398
-0.31243328991009
-0.178035048151848
-0.0207891052947053
0.129370384815185
0.292725338661339
0.491756916683317
0.674294165034965
0.876196978221778
1.07583945734266
1.28305711008991
1.48734243756244
1.67134584855145
1.85315001558442
2.04081883316683
2.23019817382617
2.38249581778222
2.50125499140859
2.61628766833167
2.63546996283716
2.48726535624376
2.29764165514486
2.11669274965035
2.0304946045954
2.16189943096903
2.55409793646354
3.01661115844156
3.46220241998002
3.85666125954046
4.12026508371628
4.33401937822178
4.48741664415584
4.55974733426573
4.52523142217782
4.40402864415584
4.17836177822178
3.92349383976024
3.69391720679321
3.55774735184815
3.48370613866134
3.45633776943057
3.45847592327672
3.49048714085914
3.53532728151848
3.59146909250749
3.63007804195804
3.67021424415584
3.69654408151848
3.71700926833167
3.75549603756244
3.76594244635365
3.79868674525475
3.83027033206793
3.81621960679321
3.77272344855145
3.72495098261738
3.64974905734266
3.52262053866134
3.36177027932068
3.1596841958042
2.96621181778222
2.78233058701299
2.58256592767233
2.40473261778222
2.23759007712288
2.11614293866134
1.99695613426573
1.90788675404595
1.81606831888112
1.72858728151848
1.65350753646354
1.55906222657343
1.4585689958042
1.35129476283716
1.237422798002
1.13100382657343
1.01865911448551
0.918349154045954
0.824087114485515
0.728297822177822
0.65468423976024
0.59921441998002
0.540629004595405
0.494261611188811
0.446733505694306
0.421747650749251
0.391691316683317
0.366583281518482
0.347706437562438
0.333900072727273
0.313801426573427
0.280262956243756
0.256071272727273
0.233345751848152
0.207321365034965
0.183923852947053
0.162969945254745
0.129553655144855
0.106217233166833
0.0581393166833167
0.00248622657342656
-0.0490738261738262
-0.0741207712287713
-0.0993509866133866
-0.122381958041958
-0.161846169030969
-0.181395004195804
-0.201921281118881
-0.231427804195804
-0.248105404195804
-0.26808187012987
-0.285003830569431
-0.305591197602398
-0.374623021778222
-0.476704595404595
-0.582512665734266
-0.676285984415584
-0.744096006393606
-0.776229404195804
-0.765294274525475
-0.724974801998002
-0.659913834965035
-0.595341588811189
-0.505783487712288
-0.436568393206793
-0.364543153646354
-0.332593026173826
-0.337052604195804
-0.364543153646354
-0.417630459140859
-0.442860674525475
-0.476765685514486
-0.492282573426573
-0.46796870969031
-0.438156736063936
-0.369980173426574
-0.277306476723277
-0.208946643756244
-0.142847144855145
-0.0904929206793207
-0.0520061514485515
0.00688471448551448
0.0483648991008991
0.0720067716283716
0.11000481998002
0.174882516683317
0.218195404595405
0.277086270529471
0.340742165034965
0.397983598001998
0.44349572987013
0.502203325474526
0.556329162837163
0.594388301298701
0.632019808991009
0.666474630969031
0.697874947452548
0.726465118881119
0.7772310001998
0.825858727672328
0.853960178221778
0.887681918881119
0.937775808991009
0.974979685914086
1.00686872327672
1.03845231008991
1.04553876283716
1.07278495184815
1.07565618701299
1.08109320679321
1.08824074965035
1.09612137382617
1.09318904855145
1.08097102657343
1.10113076283716
1.1163422001998
1.13369179140859
1.13521904415584
1.13931208151848
1.15452351888112
1.15727257382617
1.17107893866134
1.18457985294705
1.19392663976024
1.2003411012987
1.19777531668332
1.19826403756244
1.19673678481518
1.19496517162837
1.17779885074925
1.16338158481518
1.15244645514486
1.14645962437562
1.12116831888112
1.10204711448551
1.09300577822178
1.07571727712288
1.0520754045954
1.0397352023976
1.02959424415584
1.00399748811189
0.990557663936064
0.957996635364636
0.930994806793207
0.91584445954046
0.880167835364636
0.872103940859141
0.85463216943057
0.83813783976024
0.790915184815185
0.757376714485515
0.696164424375624
0.646192714485515
0.623222833166833
0.597259536463537
0.570196617782218
0.557245514485515
0.539407202397602
0.53812431008991
0.531160037562438
0.513932626573427
0.497743747452547
0.480577426573427
0.45461412987013
0.436653637562438
0.411789962837163
0.393890560639361
0.374524995804196
0.363589866133866
0.341291976023976
0.333777892507493
0.328707413386613
0.333044811188811
0.329501584815185
0.341902877122877
0.356014692507493
0.361818252947053
0.381000547452548
0.38820918041958
0.394990182617383
0.401771184815185
0.416554991408591
0.433232591408591
0.448016398001998
0.461883852947053
0.475262587012987
0.486197716683317
0.501836784815185
0.508434516683317
0.52670045954046
0.527922261738262
0.528899703496504
0.546676925474526
0.550708872727273
0.553702288111888
0.563110165034965
0.562804714485515
0.567386472727273
0.577955061738262
0.57703871008991
0.584002982617383
0.584002982617383
0.582964450749251
0.589378912287712
0.591150525474526
0.600558402397603
0.60459034965035
0.609172107892108
0.612654244155844
0.618335624375625
0.628354402397603
0.636296116683317
0.647842147452548
0.662503773826174
0.672889092507493
0.675760327672328
0.689383422177822
0.695248072727273
0.691399395804196
0.701784714485515
0.701601444155844
0.696042244155844
0.696225514485515
0.703800688111888
0.685290384815185
0.683152230969031
0.674905066133866
0.666780081518482
0.653462437562438
0.646864705694306
0.628537672727273
0.610577180419581
0.613387325474526
0.628415492507493
0.642466217782218
0.658899457342657
0.670750938661339
0.676187958441559
0.691949206793207
0.69928001998002
0.70459485954046
0.708199176023976
0.723654973826174
0.72689274965035
0.739110771628372
0.753100406793207
0.748946279320679
0.76024794965035
0.759759228771229
0.756704723276723
0.758109795804196
0.753711307892108
0.753283677122877
0.755727281518482
0.761469751848152
0.752000784815185
0.749984811188811
0.741737646353646
0.751206613386614
0.739232951848152
0.733857022177822
0.734101382617383
0.732085408991009
0.717973593606394
0.724937866133866
0.71595761998002
0.718462314485515
0.710826050749251
0.711742402397602
0.711681312287712
0.70502249030969
0.714491457342657
0.698302578221778
0.702639976023976
0.694148450749251
0.691399395804196
0.685779105694306
0.681563888111888
0.683213321078921
0.686939817782218
0.679364644155844
0.68278569030969
0.687245268331668
0.687550718881119
0.691032855144855
0.689200151848152
0.696836415584416
0.691093945254745
0.693354279320679
0.69347645954046
0.692682288111888
0.695309162837163
0.694698261738262
0.700929452947053
0.702273435364635
0.703739598001998
0.701173813386613
0.69390409030969
0.694453901298701
0.699646560639361
0.706733013386613
0.694453901298701
0.700318551848152
0.703556327672328
0.708504626573427
0.701845804595405
0.700257461738262
0.702823246353646
0.700990543056943
0.705633391408591
0.705938841958042
0.709482068331668
0.712719844155844
0.708138085914086
0.71039841998002
0.708993347452548
0.719256485914086
0.713575105694306
0.720417198001998
0.719928477122877
0.719073215584416
0.731291237562438
0.72732038041958
0.730619246353647
0.733795932067932
0.727686921078921
0.733612661738262
0.735506455144855
0.730558156243756
0.737155888111888
0.739171861738262
0.732268679320679
0.724876776023976
0.733795932067932
0.729519624375624
0.73245194965035
0.72725929030969
0.726526208991009
0.7327574001998
0.730802516683317
0.736850437562438
0.732207589210789
0.731291237562438
0.727564740859141
0.722616441958042
0.724388055144855
0.725426587012987
0.720539378221778
0.716873971628372
0.711498041958042
0.711253681518482
0.705511211188811
0.697325136463537
0.702884336463537
0.689077971628372
0.692254657342657
0.696347694705295
0.69365972987013
0.680769716683317
0.684374033166833
0.680525356243756
0.685046024375624
0.686328916683317
0.68229696943057
0.681502798001998
0.686023466133866
0.676310138661339
0.683518771628372
0.684251852947053
0.684068582617383
0.684618393606394
0.68816161998002
0.684862754045954
0.684801663936064
0.686206736463537
0.684862754045954
0.67704321998002
0.680342085914086
0.675393787012987
0.678998103496504
0.677409760639361
0.685412565034965
0.682113699100899
0.681991518881119
0.683274411188811
0.676432318881119
0.68278569030969
0.682113699100899
0.694331721078921
0.69378191008991
0.692376837562438
0.686695457342657
0.698424758441558
0.693232099100899
0.679975545254745
0.679547914485515
0.681380617782218
0.680708626573427
0.674233074925075
0.671789470529471
0.665375008991009
0.672156011188811
0.662748134265734
0.66042671008991
0.651568644155844
0.653034806793207
0.656211492507493
0.657188934265734
0.663908846353646
0.653828978221778
0.642710578221778
0.645337452947053
0.639717162837163
0.631653268331668
0.636907017782218
0.626155158441559
0.618702165034965
0.612654244155844
0.606117602397602
0.606667413386613
0.601047123276723
0.59353303976024
0.591089435364635
0.585102604595405
0.583636441958042
0.575939088111888
0.570868608991009
0.574106384815185
0.571784960639361
0.5659814001998
0.557673145254745
0.557367694705295
0.546004934265734
0.550769962837163
0.548509628771229
0.548753989210789
0.550159061738262
0.545332943056943
0.538979571628372
0.536352696903097
0.540751184815185
0.539223932067932
0.542889338661339
0.537207958441558
0.545210762837163
0.539407202397602
0.543133699100899
0.552541576023976
0.556451343056943
0.557306604595405
0.558833857342657
0.563476705694306
0.574839466133866
0.586690947452548
0.588829101298701
0.600375132067932
0.603918358441559
0.614120406793207
0.617358182617383
0.622306481518482
0.619496336463537
0.634891044155844
0.628598762837163
0.635196494705295
0.639839343056943
0.636479387012987
0.636051756243756
0.635379765034965
0.63256961998002
0.641244415584416
0.649735940859141
0.653828978221778
0.648269778221778
0.647292336463537
0.650224661738262
0.653890068331668
0.668857145254745
0.670506578221778
0.677531940859141
0.676371228771229
0.679975545254745
0.68235805954046
0.69365972987013
0.688955791408592
0.700562912287712
0.700013101298701
0.702517795804196
0.698424758441558
0.69934111008991
0.701906894705295
0.699707650749251
0.694637171628372
0.696592055144855
0.698180398001998
0.694331721078921
0.693965180419581
0.700562912287712
0.694209540859141
0.690116503496504
0.692437927672328
0.687611808991009
0.683763132067932
0.683702041958042
0.684435123276723
0.672766912287712
0.674905066133866
0.67166729030969
0.663420125474526
0.655356230969031
0.650591202397602
0.650896652947053
0.651079923276723
0.645459633166833
0.650346841958042
0.644054560639361
0.63782336943057
0.639106261738262
0.625971888111888
0.620107237562438
0.618702165034965
0.61607529030969
0.614670217782218
0.607767035364636
0.599580960639361
0.604040538661339
0.598603518881119
0.595182472727273
0.587118578221778
0.587240758441559
0.58229245954046
0.581925918881119
0.569891167232767
0.563110165034965
0.555290630969031
0.556940063936064
0.559505848551449
0.558833857342657
0.558284046353646
0.556206982617383
0.553274657342657
0.547410006793207
0.545577303496504
0.544294411188811
0.540690094705295
0.538429760639361
0.53268729030969
0.533481461738262
0.52144671008991
0.528533162837163
0.523951404595405
0.516681681518482
0.509656318881119
0.51588751008991
0.51576532987013
0.506723993606394
0.516131870529471
0.522240881518482
0.519614006793207
0.523401593606394
0.523645954045954
0.532809470529471
0.538857391408591
0.547410006793207
0.54942598041958
0.546004934265734
0.555229540859141
0.556390252947053
0.56036111008991
0.568974815584416
0.570746428771229
0.581376107892108
0.583880802397602
0.58272009030969
0.577955061738262
0.577466340859141
0.577893971628372
0.573617663936064
0.590478534265734
0.592494507892108
0.595549013386613
0.607767035364636
0.600680582617383
0.612470973826174
0.613631685914086
0.613142965034965
0.614609127672328
0.612532063936064
0.617907993606394
0.621817760639361
0.628965303496504
0.631042367232767
0.636296116683317
0.642710578221778
0.638556450749251
0.630370376023976
0.635685215584416
0.640511334265734
0.641794226573427
0.637456828771229
0.638495360639361
0.637090288111888
0.639533892507493
0.642466217782218
0.642893848551449
0.639961523276723
0.644665461738262
0.63837318041958
0.642405127672328
0.641794226573427
0.640389154045954
0.635990666133866
0.634524503496504
0.635074314485515
0.623772644155844
0.617724723276723
0.623894824375624
0.611798982617383
0.616258560639361
0.622978472727273
0.610882630969031
0.609905189210789
0.605751061738262
0.603979448551449
0.597198446353646
0.596404274925075
0.600619492507493
0.584674973826174
0.590600714485515
0.592922138661339
0.590050903496504
0.587301848551449
0.577955061738262
0.578443782617383
0.578260512287712
0.570807518881119
0.569341356243756
0.581803738661339
0.573495483716284
0.584613883716284
0.570746428771229
0.57673325954046
0.569280266133866
0.561766182617383
0.56005565954046
0.562499263936064
0.565309408991009
0.562804714485515
0.571784960639361
0.571907140859141
0.577832881518482
0.573862024375625
0.58247572987013
0.581131747452548
0.577344160639361
0.570868608991009
0.575877998001998
0.57716089030969
0.577466340859141
0.587546208991009
0.587118578221778
0.586018956243756
0.588890191408591
0.598603518881119
0.597992617782218
0.594510481518482
0.592433417782218
0.603246367232767
0.603307457342657
0.605384521078921
0.612470973826174
0.617663633166833
0.611432441958042
0.623955914485515
0.617236002397602
0.620657048551449
0.613753866133866
0.608622296903097
0.623467193606394
0.609721918881119
0.625483167232767
0.612104433166833
0.609844099100899
0.620351598001998
0.616564011188811
0.616991641958042
0.619129795804196
0.61576983976024
0.620595958441559
0.619190885914086
0.608683387012987
0.617724723276723
0.61021063976024
0.609233198001998
0.603002006793207
0.602268925474526
0.60471252987013
0.618335624375625
0.617174912287712
0.617480362837163
0.614853488111888
0.611004811188811
0.598847879320679
0.609477558441558
0.605751061738262
0.61002736943057
0.607156134265734
0.606239782617383
0.600375132067932
0.598053707892108
0.591517066133866
0.580765206793207
0.566897751848152
0.563293435364635
0.54905943976024
0.541484266133866
0.546004934265734
0.541300995804196
0.545943844155844
0.565003958441558
0.63818991008991
0.756338182617383
0.840459263936064
0.86068009030969
0.835755325474526
0.814801417782218
0.83813783976024
0.882367079320679
0.911262701298701
0.909124547452548
0.873692283716284
0.828485602397602
0.784622903496504
0.75493311008991
0.731107967232767
0.688467070529471
0.622673022177822
0.56592031008991
0.464449637562438
0.420220398001998
0.611371351848152
1.0533582969031
1.21188713206793
0.8161454001998
0.253933118881119
-0.0600089558441559
-0.00796018221778222
0.170178578221778
0.333044811188811
0.437081268331668
0.488763501298701
0.413683756243756
0.253444398001998
0.0932050397602398
0.0172089430569431
0.0454325738261738
0.141282956243756
0.185206745254745
0.203289417782218
0.186428547452547
0.161687052947053
0.155822402397602
0.116969092507493
0.099986041958042
0.092227598001998
0.0944879320679321
0.103284907892108
0.105667422177822
0.1212454001998
0.123505734265734
0.127598771628372
0.130775457342657
0.123627914485514
0.12692678041958
0.117885444155844
0.121795211188811
0.129126024375624
0.135112855144855
0.13767863976024
0.143665470529471
0.143970921078921
0.155333681518482
0.163092125474526
0.170422938661339
0.177265030969031
0.189605233166833
0.205671932067932
0.217706683716284
0.214774358441558
0.236827888111888
0.252222595804196
0.259064688111888
0.273298683716284
0.281912389210789
0.302744116683317
0.309097488111888
0.313129435364635
0.333350261738262
0.335121874925075
0.337504389210789
0.34343012987013
0.337015668331668
0.336221496903097
0.335427325474525
0.337626569430569
0.33799311008991
0.333228081518482
0.349478050749251
0.361879343056943
0.3658502001998
0.372753382617383
0.36548365954046
0.367988354045954
0.367621813386613
0.372753382617383
0.379900925474525
0.385643395804196
0.397189426573427
0.400732652947053
0.406047492507493
0.418082244155844
0.425901778221778
0.43775325954046
0.44905492987013
0.456935554045954
0.459379158441559
0.475629127672328
0.481493778221778
0.494383791408591
0.504097118881119
0.516254050749251
0.523768134265734
0.548326358441559
0.552602666133866
0.562987984815185
0.5826590001998
0.58827929030969
0.590295263936064
0.596282094705295
0.603857268331668
0.613142965034965
0.617785813386613
0.6271326001998
0.633180521078921
0.648208688111888
0.645581813386613
0.669101505694306
0.669712406793207
0.679792274925075
0.682174789210789
0.678814833166833
0.679731184815185
0.684801663936064
0.68254132987013
0.69378191008991
0.690849584815185
0.681869338661339
0.689322332067932
0.683579861738262
0.693232099100899
0.690177593606394
0.696653145254745
0.698730208991009
0.700013101298701
0.7105206001998
0.711864582617383
0.717668143056943
0.721944450749251
0.725609857342657
0.731596688111888
0.736606077122877
0.74919063976024
0.752856046353646
0.745097602397602
0.73807223976024
0.741371105694306
0.744120160639361
0.740393663936064
0.738560960639361
0.745341962837163
0.744486701298701
0.72732038041958
0.728114551848152
0.72695383976024
0.718645584815185
0.705327940859141
0.69390409030969
0.692926648551449
0.680830806793207
0.684618393606394
0.681624978221778
0.672583641958042
0.680036635364635
0.681502798001998
0.688467070529471
0.688650340859141
0.69390409030969
0.694759351848152
0.696225514485515
0.696225514485515
0.688467070529471
0.689444512287712
0.68235805954046
0.670873118881119
0.670567668331668
0.658410736463537
0.661892872727273
0.635135404595405
0.631042367232767
0.619618516683317
0.622062121078921
0.605445611188811
0.603429637562438
0.604345989210789
0.594754841958042
0.589256732067932
0.584002982617383
0.584736063936064
0.575633637562438
0.570685338661339
0.572701312287712
0.57111296943057
0.563232345254745
0.559261488111888
0.558467316683317
0.557795325474525
0.547654367232767
0.536230516683317
0.531404398001998
0.531893118881119
0.531221127672328
0.533359281518482
0.53812431008991
0.553885558441559
0.541789716683317
0.552724846353646
0.536291606793207
0.536780327672328
0.53244292987013
0.531587668331668
0.527250270529471
0.53250401998002
0.525173206793207
0.515459879320679
0.528716433166833
0.527311360639361
0.535925066133866
0.520835808991009
0.528655343056943
0.522546332067932
0.518392204595405
0.519247466133866
0.518025663936064
0.505074560639361
0.505441101298701
0.508434516683317
0.509961769430569
0.512405373826174
0.503730578221778
0.509961769430569
0.512161013386613
0.511855562837163
0.508129066133866
0.508251246353646
0.514787888111888
0.518086754045954
0.521019079320679
0.507457074925075
0.491084925474526
0.51570423976024
0.506296362837163
0.517903483716284
0.516437321078921
0.520224907892108
0.520347088111888
0.518025663936064
0.518025663936064
0.522485241958042
0.529266244155844
0.54331696943057
0.552724846353646
0.549609250749251
0.565370499100899
0.579299044155844
0.58235354965035
0.594632661738262
0.602330015584416
0.602940916683317
0.615464389210789
0.618396714485515
0.625299896903097
0.626582789210789
0.631836538661339
0.628171132067932
0.634157962837163
0.634952134265734
0.648758499100899
0.659388178221778
0.665436099100899
0.661892872727273
0.661159791408591
0.667329892507493
0.670567668331668
0.684618393606394
0.6938430001998
0.718889945254745
0.736544987012987
0.779124793606394
0.81596212987013
0.85469325954046
0.899838850749251
0.930506085914086
0.977484380419581
1.0168875012987
1.05311393646354
1.09715990569431
1.13754046833167
1.18317478041958
1.20944352767233
1.25043499140859
1.27340487272727
1.28146876723277
1.29637475404595
1.28421782217782
1.29380896943057
1.29753546613387
1.2775590001998
1.27273288151848
1.27548193646354
1.27328269250749
1.2682733034965
1.26039267932068
1.25752144415584
1.22239463096903
1.17126220899101
1.12452827492508
1.07290713206793
1.02867789250749
1.01633769030969
0.98805296943057
0.965632899100899
0.94412918041958
0.912851044155844
0.892080406793207
0.876807879320679
0.868805074925075
0.85463216943057
0.848278798001998
0.832334279320679
0.822559861738262
0.829096503496504
0.813274165034965
0.802583395804196
0.802827756243756
0.808753496903097
0.799589980419581
0.798856899100899
0.802888846353646
0.79910125954046
0.806432072727273
0.79928452987013
0.802277945254745
0.805271360639361
0.805332450749251
0.802339035364635
0.806554252947053
0.814618147452548
0.811930182617383
0.804293918881119
0.809547668331668
0.813274165034965
0.825186736463537
0.818527914485515
0.820604978221778
0.813518525474526
0.818466824375624
0.8217046001998
0.812724354045954
0.807714965034965
0.800506332067932
0.801117233166833
0.792320257342657
0.800139791408591
0.804293918881119
0.814740327672328
0.802766666133866
0.804477189210789
0.802033584815185
0.800872872727273
0.809120037562438
0.81028074965035
0.811624732067932
0.803560837562438
0.812785444155844
0.806370982617383
0.798123817782218
0.800445241958042
0.787188688111888
0.770511088111888
0.763607905694306
0.7494350001998
0.743325989210789
0.739599492507493
0.752061874925075
0.764096626573427
0.795619123276723
0.820482798001998
0.853899088111888
0.897456336463537
0.941441215584416
0.980477795804196
1.01548242877123
1.04596639360639
1.07241841118881
1.10711759360639
1.12263448151848
1.13271434965035
1.14346620899101
1.15317953646354
1.15336280679321
1.15531769030969
1.15482896943057
1.1330198001998
1.11841926393606
1.10082531228771
1.07467874525475
1.04950961998002
1.01817039360639
0.982188318881119
0.937897989210789
0.905336960639361
0.859336107892108
0.823598393606394
0.780835316683317
0.739904943056943
0.71045951008991
0.672950182617383
0.637579008991009
0.59909223976024
0.567447562837163
0.548143088111888
0.510817030969031
0.469825567232767
0.44905492987013
0.421625470529471
0.392729848551449
0.366827641958042
0.344346481518482
0.326202718881119
0.307142604595405
0.289487562837163
0.270244178221778
0.258942507892108
0.242203817782218
0.230902147452547
0.216912512287712
0.210864591408591
0.200234912287712
0.202861787012987
0.194186991408591
0.191132485914086
0.183251861738262
0.174577066133866
0.170728389210789
0.178975554045954
0.183068591408591
0.17097274965035
0.165047008991009
0.165047008991009
0.175187967232767
0.182579870529471
0.177814841958042
0.177814841958042
0.166329901298701
0.171583650749251
0.160343070529471
0.149652301298701
0.132547070529471
0.134685224375624
0.123750094705295
0.125216257342657
0.119351606793207
0.116969092507493
0.114769848551449
0.101391114485514
0.0936326705294705
0.0936937606393606
0.0839804331668332
0.0715180507492508
0.0745114661338661
0.0627210749250749
0.0602774705294705
0.0490368903096903
0.0417060771228771
0.0417060771228771
0.0345585342657343
0.0291215144855145
0.0319316595404595
0.0316872991008991
0.0390792023976024
0.0400566441558442
0.0451271232767233
0.0451882133866134
0.0530688375624376
0.0645537782217782
0.0680970045954046
0.0826364507492508
0.0944879320679321
0.104934340859141
0.12668241998002
0.134196503496504
0.156860934265734
0.176409769430569
0.194614622177822
0.22106663976024
0.244708512287712
0.271588160639361
0.302683026573427
0.322170771628372
0.361024081518482
0.402687536463537
0.416860441958042
0.440868855144855
0.467198692507493
0.486869707892108
0.495727773826174
0.520224907892108
0.542950428771229
0.551808494705295
0.570807518881119
0.577649611188811
0.598420248551449
0.604040538661339
0.610882630969031
0.608561206793207
0.607400494705295
0.610638270529471
0.590600714485515
0.583086630969031
0.575450367232767
0.572090411188811
0.560605470529471
0.548387448551449
0.535680705694306
0.525234296903097
0.520652538661339
0.525600837562438
0.522485241958042
0.508495606793207
0.513382815584416
0.505563281518482
0.507945795804196
0.502264415584416
0.498354648551449
0.491207105694306
0.485525725474526
0.490535114485515
0.495666683716284
0.490046393606394
0.48253231008991
0.475323677122877
0.467931773826174
0.45999005954046
0.444656441958042
0.436287096903097
0.427367940859141
0.416188450749251
0.405558771628372
0.394257101298701
0.38264998041958
0.372325751848152
0.35479289030969
0.340864345254745
0.333289171628372
0.304149189210789
0.297062736463536
0.277208450749251
0.256621083716284
0.240432204595405
0.221677540859141
0.204144679320679
0.18765034965035
0.177203940859141
0.150446472727273
0.14329892987013
0.12087885954046
0.109332828771229
0.097786798001998
0.0808037474525475
0.0799484859140859
0.0707238793206793
0.0619879936063936
0.0524579364635365
0.0429889694305694
0.0418893474525475
0.0357192463536464
0.0363301474525475
0.040545365034965
0.0406064551448551
0.0464711056943057
0.0567953342657343
0.0619879936063936
0.0742060155844156
0.0844080639360639
0.0997416815184815
0.119657057342657
0.136456837562438
0.155333681518482
0.183984943056943
0.203472688111888
0.228092002397602
0.262546824375624
0.284844714485515
0.310502560639361
0.338787281518482
0.378984573826174
0.390164063936064
0.420098217782218
0.436287096903097
0.462800204595405
0.476178938661339
0.499820811188811
0.512710824375624
0.531648758441558
0.538796301298701
0.545943844155844
0.551258683716284
0.552969206793207
0.56561485954046
0.570257707892108
0.563721066133866
0.556634613386613
0.555657171628372
0.550097971628372
0.550036881518482
0.544172230969031
0.541423176023976
0.542767158441559
0.536108336463537
0.536169426573427
0.528838613386613
0.525112116683317
0.531709848551449
0.527189180419581
0.539407202397602
0.531160037562438
0.538857391408591
0.5437446001998
0.545394033166833
0.556695703496504
0.556573523276723
0.567081022177822
0.566286850749251
0.562743624375624
0.567569743056943
0.564698507892108
0.567203202397602
0.557978595804196
0.556084802397603
0.558772767232767
0.55474081998002
0.554068828771229
0.552785936463536
0.54942598041958
0.531343307892108
0.522179791408592
0.514115896903097
0.505929822177822
0.495300143056943
0.48265449030969
0.477278560639361
0.463044565034965
0.452048345254745
0.436348187012987
0.426085048551449
0.424618885914086
0.411789962837163
0.399571940859141
0.399755211188811
0.393035299100899
0.381061637562438
0.386804107892108
0.384604863936064
0.380939457342657
0.374647176023976
0.372692292507493
0.370920679320679
0.379962015584416
0.364017496903097
0.362856784815185
0.368293804595405
0.367316362837163
0.358641567232767
0.361879343056943
0.366705461738262
0.372325751848152
0.376113338661339
0.374769356243756
0.382039079320679
0.382955430969031
0.384482683716284
0.384604863936064
0.38790372987013
0.390286244155844
0.383077611188811
0.386559747452548
0.395051272727273
0.391141505694306
0.397617057342657
0.397250516683317
0.399449760639361
0.394990182617383
0.409590718881119
0.405253321078921
0.417288072727273
0.413072855144855
0.413989206793207
0.424618885914086
0.424985426573427
0.433965672727273
0.436348187012987
0.455286121078921
0.459134798001998
0.473857514485515
0.483143211188811
0.488885681518482
0.483143211188811
0.479294534265734
0.476362208991009
0.47123063976024
0.460723140859141
0.447100046353646
0.440074683716284
0.425168696903097
0.422419641958042
0.415455369430569
0.4103238001998
0.404031518881119
0.388392450749251
0.383199791408591
0.377396230969031
0.37684641998002
0.353509998001998
0.347645347452547
0.336282587012987
0.331151017782218
0.338665101298701
0.326019448551449
0.323698024375624
0.318688635364635
0.317283562837163
0.30451572987013
0.304882270529471
0.308914217782218
0.300056151848152
0.297917998001998
0.292358798001998
0.29351951008991
0.293824960639361
0.298528899100899
0.298528899100899
0.291259176023976
0.29370278041958
0.29339732987013
0.305737532067932
0.304210279320679
0.309158578221778
0.315267589210789
0.318810815584416
0.323820204595405
0.331517558441559
0.342452688111888
0.349355870529471
0.358580477122877
0.36560583976024
0.374647176023976
0.38772045954046
0.392546578221778
0.401099193606394
0.41026271008991
0.416982622177822
0.423702534265734
0.436592547452548
0.447405496903097
0.438547430969031
0.447466587012987
0.45467521998002
0.45455303976024
0.45455303976024
0.46017332987013
0.459318068331668
0.458035176023976
0.462433663936064
0.460967501298701
0.462067123276723
0.464022006793207
0.458646077122877
0.463166745254745
0.461822762837163
0.462311483716284
0.459562428771229
0.461578402397602
0.452537066133866
0.45443085954046
0.452598156243756
0.446244784815185
0.450154551848152
0.441907387012987
0.436531457342657
0.431277707892108
0.425718507892108
0.423335993606394
0.410690340859141
0.406597303496504
0.407208204595405
0.409835079320679
0.402382085914086
0.402565356243756
0.400060661738262
0.389186622177822
0.39896103976024
0.391630226573427
0.390591694705295
0.387598279320679
0.396150894705295
0.395845444155844
0.392974208991009
0.397250516683317
0.401771184815185
0.397006156243756
0.406047492507493
0.406658393606394
0.397433787012987
0.40488678041958
0.40989616943057
0.408674367232767
0.402565356243756
0.417349162837163
0.418570965034965
0.423458173826174
0.427856661738262
0.433110411188811
0.427795571628372
0.435065294705295
0.433904582617383
0.442945918881119
0.459562428771229
0.453575598001998
0.454003228771229
0.468481584815185
0.460723140859141
0.468970305694306
0.471841540859141
0.47672874965035
0.473613154045954
0.47666765954046
0.475690217782218
0.48228794965035
0.478317092507493
0.480088705694306
0.478683633166833
0.479783255144855
0.472208081518482
0.484181743056943
0.480455246353646
0.478744723276723
0.476606569430569
0.479783255144855
0.472269171628372
0.478866903496504
0.467626323276723
0.47135281998002
0.472635712287712
0.464327457342657
0.468970305694306
0.465304899100899
0.462067123276723
0.47135281998002
0.469764477122877
0.466099070529471
0.459562428771229
0.468542674925075
0.464266367232767
0.465365989210789
0.462250393606394
0.456385743056943
0.460784230969031
0.460539870529471
0.457057734265734
0.463227835364635
0.458401716683317
0.461150771628372
0.455713751848152
0.456202472727273
0.447100046353646
0.451131993606394
0.453636688111888
0.45491958041958
0.448566208991009
0.447772037562438
0.445022982617383
0.446672415584416
