-0.421540226173826
-0.425572173426574
-0.422884208591409
-0.428809949250749
-0.432169905294705
-0.431620094305694
-0.432292085514486
-0.427099426173826
-0.43461350969031
-0.42948194045954
-0.430520472327672
-0.431192463536464
-0.433880428371628
-0.44011161958042
-0.434430239360639
-0.436507303096903
-0.436690573426573
-0.433208437162837
-0.448664234965035
-0.447870063536464
-0.438462186613387
-0.439439628371628
-0.439134177822178
-0.447136982217782
-0.441944322877123
-0.444082476723277
-0.448969685514486
-0.448969685514486
-0.444387927272727
-0.446587171228771
-0.450435848151848
-0.453795804195804
-0.455139786613387
-0.449336226173826
-0.448969685514486
-0.446526081118881
-0.449947127272727
-0.445365369030969
-0.45129110969031
-0.445304278921079
-0.451107839360639
-0.455689597602398
-0.455933958041958
-0.458316472327672
-0.4569113998002
-0.457827751448551
-0.452268551448551
-0.456239408591409
-0.455750687712288
-0.460393536063936
-0.457277940459541
-0.459599364635365
-0.459904815184815
-0.458072111888112
-0.458072111888112
-0.45153547012987
-0.460149175624376
-0.458316472327672
-0.462165149250749
-0.466074916283716
-0.469862503096903
-0.45697248991009
-0.464914204195804
-0.463875672327672
-0.467418898701299
-0.463570221778222
-0.457644481118881
-0.463875672327672
-0.469557052547453
-0.465891645954046
-0.477987487712288
-0.475055162437563
-0.475727153646354
-0.475971514085914
-0.472367197602398
-0.466502547052947
-0.468946151448551
-0.476276964635365
-0.470839944855145
-0.467174538261738
-0.468885061338661
-0.473344639360639
-0.475299522877123
-0.47908710969031
-0.480003461338661
-0.482447065734266
-0.47951474045954
-0.477865307492508
-0.474505351448551
-0.478842749250749
-0.478476208591409
-0.476338054745255
-0.480370001998002
-0.485562661338661
-0.487089914085914
-0.489472428371628
-0.496314520679321
-0.485135030569431
-0.483302327272727
-0.492404753646354
-0.493321105294705
-0.48482958001998
-0.491671672327672
-0.485257210789211
-0.486662283316683
-0.492160393206793
-0.494420727272727
-0.487089914085914
-0.492954564635365
-0.499246845954046
-0.494115276723277
-0.493198925074925
-0.487822995404595
-0.489350248151848
-0.489289158041958
-0.493321105294705
-0.491060771228771
-0.487273184415584
-0.493382195404595
-0.490633140459541
-0.491244041558442
-0.494481817382617
-0.478292938261738
-0.498208314085914
-0.486356832767233
-0.494359637162837
-0.492221483316683
-0.493443285514486
-0.484035408591409
-0.493993096503497
-0.482385975624376
-0.49014441958042
-0.478170758041958
-0.482996876723277
-0.486479012987013
-0.487884085514486
-0.490694230569431
-0.489961149250749
-0.48495176023976
-0.493015654745255
-0.491916032767233
-0.488678256943057
-0.487089914085914
-0.478170758041958
-0.484463039360639
-0.483180147052947
-0.475910423976024
-0.471573026173826
-0.479820191008991
-0.477620947052947
-0.469923593206793
-0.469923593206793
-0.474994072327672
-0.46821307012987
-0.469495962437562
-0.466624727272727
-0.469984683316683
-0.465586195404595
-0.45672812947053
-0.461859698701299
-0.458866283316683
-0.460271355844156
-0.456300498701299
-0.464181122877123
-0.456422678921079
-0.460576806393606
-0.458499742657343
-0.448969685514486
-0.450496938261738
-0.454528885514486
-0.456544859140859
-0.448297694305694
-0.455811777822178
-0.447625703096903
-0.44060034045954
-0.449458406393606
-0.459416094305694
-0.448236604195804
-0.444204656943057
-0.443105034965035
-0.448786415184815
-0.450130397602398
-0.45159656023976
-0.449152955844156
-0.450252577822178
-0.448175514085914
-0.4457929998002
-0.448725325074925
-0.449275136063936
-0.44017270969031
-0.447992243756244
-0.439439628371628
-0.438095645954046
-0.442310863536464
-0.444571197602398
-0.431864454745255
-0.441455601998002
-0.432780806393606
-0.427282696503497
-0.437423654745255
-0.431620094305694
-0.429909571228771
-0.436690573426573
-0.424900182217782
-0.429787391008991
-0.433513887712288
-0.427404876723277
-0.433758248151848
-0.42367838001998
-0.421295865734266
-0.421051505294705
-0.424167100899101
-0.424655821778222
-0.415125764635365
-0.417141738261738
-0.41818027012987
-0.427527056943057
-0.427527056943057
-0.424839092107892
-0.428321228371628
-0.421112595404595
-0.413598511888112
-0.41274325034965
-0.420196243756244
-0.417080648151848
-0.414209412987013
-0.4068785998002
-0.416591927272727
-0.414026142657343
-0.409138933866134
-0.417508278921079
-0.409444384415585
-0.413170881118881
-0.407733861338661
-0.404434995404595
-0.405412437162837
-0.395332569030969
-0.392339153646354
-0.392644604195804
-0.396126740459541
-0.386169052547453
-0.396798731668332
-0.392705694305694
-0.399303426173826
-0.390750810789211
-0.390934081118881
-0.386841043756244
-0.392033703096903
-0.389040287712288
-0.390628630569431
-0.3902009998002
-0.381587294305694
-0.378471698701299
-0.3790825998002
-0.379510230569431
-0.377433166833167
-0.384214169030969
-0.382076015184815
-0.376333544855145
-0.377860797602398
-0.382381465734266
-0.374745201998002
-0.378838239360639
-0.381281843756244
-0.376761175624376
-0.379754591008991
-0.369369272327672
-0.369857993206793
-0.364848604195804
-0.361122107492508
-0.368941641558442
-0.366436947052947
-0.359594854745255
-0.360572296503497
-0.358006511888112
-0.36252718001998
-0.36222172947053
-0.359778125074925
-0.349514986613387
-0.345360859140859
-0.34560521958042
-0.346399391008991
-0.343528155844156
-0.340656920679321
-0.337785685514486
-0.338091136063936
-0.345544129470529
-0.342367443756244
-0.344994318481519
-0.350248067932068
-0.345421949250749
-0.337541325074925
-0.337174784415584
-0.339007487712288
-0.338640947052947
-0.334364639360639
-0.337663505294705
-0.330699232767233
-0.332776296503496
-0.332593026173826
-0.324345861338661
-0.321963347052947
-0.330332692107892
-0.321230265734266
-0.312188929470529
-0.309500964635365
-0.311700208591409
-0.309623144855145
-0.303086503096903
-0.307607171228771
-0.312066749250749
-0.322085527272727
-0.318603391008991
-0.322879698701299
-0.315487795404595
-0.308279162437562
-0.298443654745255
-0.304919206393606
-0.293373175624376
-0.298199294305694
-0.296366591008991
-0.294106256943057
-0.287752885514486
-0.282376955844156
-0.288608147052947
-0.294900428371628
-0.288058336063936
-0.289157958041958
-0.285431461338661
-0.287080894305694
-0.278345008591409
-0.286469993206793
-0.291296111888112
-0.291968103096903
-0.294350617382617
-0.293678626173826
-0.2901353998002
-0.292334643756244
-0.294289527272727
-0.288913597602398
-0.292273553646354
-0.28469838001998
-0.27889481958042
-0.274985052547453
-0.280483162437562
-0.287386344855145
-0.274190881118881
-0.277734107492507
-0.279688991008991
-0.276390125074925
-0.277917377822178
-0.273091259140859
-0.283782028371628
-0.28439292947053
-0.277245386613387
-0.274740692107892
-0.278589369030969
-0.286897623976024
-0.279688991008991
-0.28463728991009
-0.281827144855145
-0.278406098701299
-0.26777641958042
-0.267165518481518
-0.266737887712288
-0.263316841558442
-0.268265140459541
-0.263316841558442
-0.258490722877123
-0.251648630569431
-0.253725694305694
-0.249449386613387
-0.244684358041958
-0.240652410789211
-0.231122353646354
-0.227762397602398
-0.226907136063936
-0.239430608591409
-0.230389272327672
-0.226051874525475
-0.222753008591409
-0.219820683316683
-0.215788736063936
-0.216460727272727
-0.225502063536464
-0.231366714085914
-0.225685333866134
-0.228251118481518
-0.226296234965035
-0.22348608991009
-0.221592296503497
-0.230572542657343
-0.236559373426573
-0.249877017382617
-0.241874212987013
-0.238453166833167
-0.243462555844156
-0.257940911888112
-0.268570591008991
-0.268387320679321
-0.257879821778222
-0.255986028371628
-0.257207830569431
-0.270464384415584
-0.268509500899101
-0.271686186613387
-0.268570591008991
-0.270769834965035
-0.272480358041958
-0.276451215184815
-0.275168322877123
-0.280971883316683
-0.279505720679321
-0.275473773426573
-0.276267944855145
-0.281582784415584
-0.290563030569431
-0.293617536063936
-0.304063944855145
-0.300581808591409
-0.301986881118881
-0.303086503096903
-0.309073333866134
-0.309989685514486
-0.314388173426573
-0.30687408991009
-0.317687039360639
-0.302842142657343
-0.313777272327672
-0.31255547012987
-0.305469017382617
-0.307362810789211
-0.303330863536464
-0.294167347052947
-0.297649483316683
-0.305346837162837
-0.294839338261738
-0.301864700899101
-0.295389149250749
-0.305713377822178
-0.308890063536464
-0.317442678921079
-0.314999074525475
-0.322207707492507
-0.327889087712288
-0.322329887712288
-0.326056384415584
-0.32373496023976
-0.316892867932068
-0.319947373426573
-0.319764103096903
-0.31243328991009
-0.326667285514486
-0.331982125074925
-0.321046995404595
-0.316953958041958
-0.321657896503497
-0.331371223976024
-0.324712401998002
-0.325934204195804
-0.327400366833167
-0.323185149250749
-0.320313914085914
-0.32361278001998
-0.324712401998002
-0.327583637162837
-0.329966151448551
-0.337785685514486
-0.335403171228771
-0.332165395404595
-0.34010710969031
-0.344749958041958
-0.33491445034965
-0.33473118001998
-0.333081747052947
-0.336197342657343
-0.334242459140859
-0.342978344855145
-0.34041256023976
-0.338274406393606
-0.33442572947053
-0.343100525074925
-0.337663505294705
-0.335342081118881
-0.339435118481519
-0.340962371228771
-0.337968955844156
-0.342367443756244
-0.34603285034965
-0.346216120679321
-0.351103329470529
-0.353180393206793
-0.343283795404595
-0.353485843756244
-0.341084551448552
-0.337724595404595
-0.338640947052947
-0.330760322877123
-0.335036630569431
-0.336747153646354
-0.350248067932068
-0.35153096023976
-0.348965175624376
-0.350981149250749
-0.342306353646354
-0.342550714085914
-0.350003707492508
-0.347987733866134
-0.339496208591409
-0.33448681958042
-0.336197342657343
-0.337663505294705
-0.335525351448551
-0.334364639360639
-0.33497554045954
-0.330088331668332
-0.330882503096903
-0.336258432767233
-0.32898870969031
-0.313227461338661
-0.317320498701299
-0.307607171228771
-0.308645703096903
-0.311761298701299
-0.314265993206793
-0.320191733866134
-0.321718986613387
-0.322696428371628
-0.314999074525475
-0.321108085514486
-0.326972736063936
-0.325017852547453
-0.31774812947053
-0.31805358001998
-0.315915426173826
-0.310906037162837
-0.305835558041958
-0.300337448151848
-0.305041386613387
-0.29587787012987
-0.298688015184815
-0.308095892107892
-0.31799248991009
-0.315243434965035
-0.30693518001998
-0.311578028371628
-0.306629729470529
-0.31231110969031
-0.322818608591409
-0.320558274525475
-0.310111865734266
-0.309745325074925
-0.309134423976024
-0.307484991008991
-0.305102476723277
-0.303880674525475
-0.299787637162837
-0.293434265734266
-0.2956945998002
-0.288608147052947
-0.295389149250749
-0.289280138261738
-0.289280138261738
-0.292029193206793
-0.288547056943057
-0.286347812987013
-0.288058336063936
-0.287569615184815
-0.287691795404595
-0.28463728991009
-0.279505720679321
-0.276695575624376
-0.271564006393606
-0.264477553646354
-0.26808187012987
-0.280055531668332
-0.263500111888112
-0.263439021778222
-0.263988832767233
-0.265699355844156
-0.264477553646354
-0.247433412987013
-0.246944692107892
-0.248899575624376
-0.253114793206793
-0.246700331668332
-0.248533034965035
-0.255008586613387
-0.246089430569431
-0.246639241558442
-0.242485114085914
-0.243645826173826
-0.232527426173826
-0.233871408591409
-0.221164665734266
-0.22354718001998
-0.222142107492508
-0.22892310969031
-0.233199417382617
-0.235887382217782
-0.230633632767233
-0.222203197602398
-0.229961641558442
-0.227334766833167
-0.229656191008991
-0.227945667932068
-0.224158081118881
-0.217132718481519
-0.230511452547453
-0.229717281118881
-0.220798125074925
-0.232160885514486
-0.221164665734266
-0.235520841558442
-0.227090406393606
-0.221836656943057
-0.221042485514486
-0.21780470969031
-0.225135522877123
-0.228006758041958
-0.222325377822178
-0.222936278921079
-0.235581931668332
-0.231183443756244
-0.236681553646354
-0.240652410789211
-0.233504867932068
-0.238392076723277
-0.239247338261738
-0.236437193206793
-0.246211610789211
-0.248288674525475
-0.244378907492508
-0.243645826173826
-0.240713500899101
-0.23466558001998
-0.24596725034965
-0.247066872327672
-0.259162714085914
-0.2456617998002
-0.242729474525475
-0.234115769030969
-0.236681553646354
-0.24022478001998
-0.23448230969031
-0.235154300899101
-0.235520841558442
-0.231061263536464
-0.231549984415584
-0.242668384415584
-0.237597905294705
-0.231366714085914
-0.221103575624376
-0.225990784415584
-0.228434388811189
-0.226723865734266
-0.22910638001998
-0.231366714085914
-0.226357325074925
-0.220003953646354
-0.221836656943057
-0.225990784415584
-0.232955056943057
-0.231855434965035
-0.234971030569431
-0.235398661338661
-0.23460448991009
-0.23478776023976
-0.233871408591409
-0.231183443756244
-0.229961641558442
-0.230694722877123
-0.233627048151848
-0.240469140459541
-0.238758617382617
-0.224341351448551
-0.227884577822178
-0.217621439360639
-0.22935074045954
-0.228312208591409
-0.234237949250749
-0.233749228371628
-0.23472667012987
-0.236192832767233
-0.232893966833167
-0.239858239360639
-0.229472920679321
-0.23998041958042
-0.237414634965035
-0.237109184415584
-0.244745448151848
-0.233077237162837
-0.238147716283716
-0.236803733866134
-0.235581931668332
-0.23442121958042
-0.222875188811189
-0.221958837162837
-0.217682529470529
-0.219331962437562
-0.220859215184815
-0.221714476723277
-0.210657166833167
-0.219331962437562
-0.228434388811189
-0.21774361958042
-0.219209782217782
-0.210718256943057
-0.216827267932068
-0.216705087712288
-0.205647777822178
-0.196362081118881
-0.199355496503497
-0.209313184415584
-0.210412806393606
-0.214261483316683
-0.218843241558442
-0.20155474045954
-0.201921281118881
-0.197095162437562
-0.192452314085914
-0.207236120679321
-0.205586687712288
-0.201676920679321
-0.187137474525475
-0.199966397602398
-0.193857386613387
-0.193918476723277
-0.19000870969031
-0.18481605034965
-0.19569008991009
-0.185121500899101
-0.186160032767233
-0.179440120679321
-0.172659118481518
-0.174552911888112
-0.177546327272727
-0.177546327272727
-0.182738986613387
-0.186037852547453
-0.184205149250749
-0.161540718481518
-0.174552911888112
-0.167405369030969
-0.159830195404595
-0.172964569030969
-0.177607417382617
-0.17901248991009
-0.161051997602398
-0.177118696503497
-0.170459874525475
-0.171926037162837
-0.17345328991009
-0.173086749250749
-0.178035048151848
-0.172292577822178
-0.176446705294705
-0.171009685514486
-0.187442925074925
-0.188909087712288
-0.186343303096903
-0.183655338261738
-0.174552911888112
-0.171926037162837
-0.172781298701299
-0.164289773426573
-0.161968349250749
-0.16819954045954
-0.166061386613387
-0.159097114085914
-0.167161008591409
-0.152804832767233
-0.164534133866134
-0.161785078921079
-0.154087725074925
-0.145046388811189
-0.147489993206793
-0.132217465734266
-0.145046388811189
-0.152499382217782
-0.149444876723277
-0.152865922877123
-0.142419514085914
-0.14553510969031
-0.148406344855145
-0.147489993206793
-0.141686432767233
-0.140892261338661
-0.135271971228771
-0.138815197602398
-0.13453888991009
-0.136921404195804
-0.144068947052947
-0.139120648151848
-0.136005052547453
-0.139303918481518
-0.148284164635365
-0.133317087712288
-0.141014441558442
-0.142358423976024
-0.133439267932068
-0.126902626173826
-0.110530476723277
-0.122565228371628
-0.115600955844156
-0.110347206393606
-0.107353791008991
-0.111385738261738
-0.1122409998002
-0.115356595404595
-0.11217990969031
-0.108881043756244
-0.103627294305694
-0.103627294305694
-0.0984957250749251
-0.0975182833166833
-0.0969073822177822
-0.112912991008991
-0.104665826173826
-0.115356595404595
-0.110347206393606
-0.109308674525475
-0.101733500899101
-0.0925088943056943
-0.0840784591408592
-0.068439391008991
-0.0713717162837163
-0.0678284899100899
-0.0627580107892108
-0.0713106261738262
-0.0642241734265734
-0.0730822393606394
-0.0822457558441559
-0.0674008591408592
-0.066179056943057
-0.075098212987013
-0.0591536943056943
-0.0626969206793207
-0.0522505118881119
-0.0441255272727273
-0.0464469514485515
-0.0404601206793207
-0.027264656943057
-0.0333736679320679
-0.0313576943056943
-0.0336180283716284
-0.0243323316683317
-0.0290973602397602
-0.0245766921078921
-0.0134582921078921
-0.0250043228771229
-0.0137637426573427
-0.00643292947052948
-0.0126641206793207
-0.0103426965034965
-0.00398932507492508
-0.0131528415584416
0.00303603756243756
0.0184307452547453
0.0321149298701299
0.0387126617382617
0.0280829826173826
0.0307709474525475
0.0417671672327672
0.0503808727272727
0.0536797386613387
0.0671806529470529
0.077199430969031
0.0753056375624376
0.106705954045954
0.136212477122877
0.13761754965035
0.141405136463536
0.158876907892108
0.174699246353646
0.186367457342657
0.198463299100899
0.205977382617383
0.218195404595405
0.219722657342657
0.224976406793207
0.249840081518482
0.258392696903097
0.277269540859141
0.295107852947053
0.329073954045954
0.339276002397602
0.353204547452547
0.373853004595405
0.406719483716284
0.412584134265734
0.42150329030969
0.461883852947053
0.462250393606394
0.507701435364635
0.514421347452548
0.525295387012987
0.541789716683317
0.558956037562438
0.574045294705295
0.598114798001998
0.592738868331668
0.603246367232767
0.608439026573427
0.633302701298701
0.643993470529471
0.644604371628372
0.645215272727273
0.662015052947053
0.683824222177822
0.684984934265734
0.711742402397602
0.703006516683317
0.732024318881119
0.720661558441559
0.726709479320679
0.721089189210789
0.699707650749251
0.694698261738262
0.669651316683317
0.66018234965035
0.662687044155844
0.671117479320679
0.670017857342657
0.68266351008991
0.682968960639361
0.681197347452548
0.690849584815185
0.689566692507493
0.683824222177822
0.6827246001998
0.686145646353647
0.686451096903097
0.712597663936064
0.724754595804196
0.738805321078921
0.742043096903097
0.756887993606394
0.780224415584416
0.787127598001998
0.81583994965035
0.868927255144855
0.90490932987013
0.915477918881119
0.934904573826174
0.935087844155844
0.926535228771229
0.91596663976024
0.896234534265734
0.886521206793207
0.875708257342657
0.872653751848152
0.860802270529471
0.861046630969031
0.873875554045954
0.881328547452548
0.846751545254745
0.87699114965035
0.886337936463537
0.881084187012987
0.870821048551449
0.884627413386614
0.890980784815185
0.92714612987013
0.933988222177822
0.93282751008991
0.991962736463537
1.0230576023976
1.00967886833167
1.03710832767233
1.03881885074925
0.98823623976024
1.01615441998002
0.961417681518482
0.9662438001998
0.90466496943057
0.841070165034965
0.825125646353646
0.813274165034965
0.808997857342658
0.784867263936064
0.735750815584416
0.7827902001998
0.72157791008991
0.66598591008991
0.653462437562438
0.605689971628372
0.59921441998002
0.590234173826174
0.572579132067932
0.539895923276723
0.523768134265734
0.489863123276723
0.555840441958042
0.607522674925075
0.619190885914086
0.657066754045954
0.646559255144855
0.631775448551449
0.535925066133866
0.476362208991009
0.393035299100899
0.372631202397602
0.335060784815185
0.288571211188811
0.296512925474526
0.24892372987013
0.236522437562438
0.213674736463536
0.211719852947053
0.211780943056943
0.206405013386613
0.170300758441558
0.230046885914086
0.2157518001998
0.17091165954046
0.146781066133866
0.133585602397602
0.10432343976024
0.0412784463536464
-0.00936525474525475
-0.0773585470529471
-0.0713106261738262
-0.0823679360639361
-0.104543645954046
-0.0744262217782218
-0.10680398001998
-0.102527672327672
-0.111996639360639
-0.0975182833166833
-0.0991066261738262
-0.0598256855144855
-0.00264534265734266
0.100352582617383
0.167612793606394
0.208604257342657
0.267006402397602
0.365117118881119
0.492612178221778
0.555168450749251
0.589501092507493
0.616991641958042
0.63794554965035
0.629637294705295
0.642771668331668
0.633485971628372
0.679303554045954
0.700868362837163
0.741554376023976
0.753711307892108
0.786638877122877
0.819016635364635
0.884321962837163
0.941685576023976
0.972352811188811
1.0236685034965
1.09050108371628
1.11707528151848
1.17724903976024
1.23131378701299
1.20058546173826
1.23638426613387
1.22386079360639
1.15983835844156
1.1701014969031
1.25269532547453
1.26637951008991
1.32789725074925
1.35447144855145
1.34414721998002
1.39210295624376
1.38391688151848
1.42619123756244
1.44995529030969
1.43205588811189
1.45276543536464
1.47475787492508
1.45581994085914
1.47488005514486
1.44402954965035
1.45343742657343
1.46058496943057
1.4758574969031
1.48868641998002
1.54537804195804
1.59308941778222
1.61184408151848
1.6129437034965
1.61459313646354
1.61941925514486
1.60231402437562
1.6079954045954
1.60817867492508
1.60359691668332
1.6283995012987
1.64464947052947
1.6574173034965
1.6938880991009
1.6802650045954
1.69132231448551
1.69657606393606
1.71539181778222
1.73891151008991
1.7414772947053
1.76475262657343
1.75522256943057
1.74306563756244
1.73286358921079
1.75167934305694
1.74221037602398
1.7717168991009
1.77104490789211
1.80366702657343
1.78417928151848
1.77843681118881
1.74056094305694
1.75711636283716
1.67794358041958
1.71038242877123
0.917066261738262
-0.647512542657343
-2.08441301738262
-4.07564514925075
-6.33426869210789
-7.87984847232767
-7.81710892947053
-6.99935671848152
-6.11312249430569
-5.33746136903097
-4.31120861298701
-2.69904061298701
-0.155126256943057
2.74427144855145
5.39356624415584
7.81530038041958
10.1486982177822
12.750525998002
15.3653659716284
17.7282703320679
19.1254622353646
19.5951230001998
19.5687320727273
19.6035534353646
19.7887175584416
19.8511516507493
19.5245028331668
18.8085267452547
17.9166111408591
16.8288406441558
15.7509667452547
14.5490188331668
13.261972398002
12.0241645914086
10.8455531012987
9.67903745294705
8.6620703936064
7.70326111888112
6.83651463976024
6.0276204947053
5.25476951448552
4.32613875404595
2.99058677162837
1.27334378261738
-0.880998942657343
-3.48569795804196
-5.96277973386613
-7.82272921958042
-8.62368165034965
-8.55300039320679
-8.23148314485515
-7.48343474925075
-6.32302811188811
-4.42208716243756
-2.70588270529471
-1.71860543936064
-1.27264763716284
-0.977460226173826
-0.946731900899101
-1.13275128551449
-1.39378932507493
-1.63601161078921
-1.79918329430569
-1.89307879320679
-1.77786284595405
-1.54254374265734
-1.45475725474525
-1.37900551848152
-1.46532584375624
-1.43398661738262
-1.15138376903097
-0.592348173426573
-0.139670459140859
0.339642543056943
1.13815136943057
1.93574384415584
3.24301110569431
3.49580198041958
3.21521510569431
3.02473614305694
3.05876333426573
2.95118365074925
2.87640935624376
2.65098685074925
2.34730791448551
2.04619476283716
1.81374689470529
1.58068812547453
1.31457960679321
1.3010176023976
1.37298175184815
1.47011502657343
1.54537804195804
1.77012855624376
1.73237486833167
1.826697998002
2.09561666173826
2.31688503976024
2.43210098701299
2.4870209958042
2.57712890789211
2.65098685074925
2.70389088591409
2.65581296943057
2.54139119360639
2.40008976943057
2.24663141338661
2.07906124195804
2.01595515844156
2.0163216991009
2.13269835844156
2.26306465294705
2.47645240679321
2.53106696503497
2.7038297958042
1.76817367272727
-0.82394078001998
-0.875928463536464
1.4425022969031
3.79941982657343
4.14879416503497
3.22352336063936
1.36968288591409
0.0976646177822178
-0.136493773426573
0.100963483716284
0.634035782617383
1.14700943536464
1.53383201118881
2.31010403756244
2.88679467492508
2.4042438969031
1.92047131668332
2.19659861338661
2.71806379140859
2.79430424855145
2.19739278481518
1.29985689030969
0.830684846353646
1.0162766001998
1.40566496063936
1.59449449030969
1.58905747052947
1.58160447712288
1.74257691668332
1.97978981338661
2.21370384415584
2.40528242877123
2.46759434085914
2.41084162877123
2.29000539140859
2.16098307932068
2.06549923756244
2.03727560679321
1.999033198002
1.9199825958042
1.85498271888112
1.82541510569431
1.8940192991009
2.03489309250749
2.10893430569431
2.09977078921079
1.98461593206793
1.8853445034965
1.82028353646354
1.82559837602398
1.81961154525475
1.78747814745255
1.65253009470529
1.45337633646354
1.19887493866134
0.938631070529471
0.674843976023976
0.449604740859141
0.142810208991009
-0.193185395404595
-0.594119786613387
-0.923395478921079
-1.60186223936064
-2.11281991848152
-2.20781503936064
-2.51607573386613
-2.64234899100899
-2.57081247232767
-2.53702964155844
-2.79825095144855
-3.09856993166833
-3.44397341298701
-3.73134128991009
-4.04045724595405
-4.29789096903097
-4.50779658661339
-4.52471854705295
-4.47028725914086
-4.41127421298701
-4.36961075804196
-4.2847565954046
-4.18261393166833
-3.98901937342657
-3.78332897342657
-3.60134153606394
-3.40652517562438
-3.28000755804196
-3.18421826573427
-3.10608401518482
-3.04346665254745
-2.96136154485515
-2.83960895584416
-2.72109414265734
-2.60630582617383
-2.5212073030969
-2.453886001998
-2.39676674925075
-2.32260335584416
-2.26768334705295
-2.26511756243756
-2.36530534265734
-2.55511231408591
-2.60465639320679
-2.61925692947053
-2.46970834045954
-2.78615510969031
-3.55784537782218
-3.91607778221778
-4.02109168111888
-4.64561587452547
-5.92991325474526
-6.26535904815185
-5.78861183056943
-5.16127749210789
-5.03469878441558
-5.65946733826174
-6.47532575584416
-7.19478398001998
-7.56511222617383
-7.75913441518482
-7.50744316243756
-6.99990652947053
-6.07659060859141
-4.91386254705295
-3.56322130749251
-2.33518791848152
-1.20007258661339
-0.0162684371628372
0.857075773826174
1.43065081558442
1.72644912767233
1.81973372547453
1.74550924195804
1.52876153206793
1.42258692107892
1.40114429250749
1.24133256503497
1.08891274085914
0.964716547452548
0.938875430969031
0.909491088111888
0.929284283716284
0.913523035364636
0.825980907892108
0.854326718881119
0.647353426573427
0.0478761782217782
-0.765294274525475
-1.49819232287712
-1.99118950969031
-2.27617487232767
-2.39297916243756
-2.48210963276723
-2.46231643716284
-2.32455823936064
-2.14825218221778
-2.0666357954046
-2.12393831848152
-2.26670590529471
-2.39242935144855
-2.41820937782218
-2.35944069210789
-2.05496758441558
-1.59092710969031
-1.44455520639361
-1.30355923276723
-1.09890736463536
-0.760284885514486
-0.417752639360639
-0.0802297822177822
0.254971650749251
0.463105655144855
0.546004934265734
0.654439879320679
0.776436828771229
0.913278674925075
1.0267840991009
1.12226794085914
1.20455631888112
1.2954584023976
1.33889347052947
1.39210295624376
1.37909076283716
1.32209369030969
1.21555253866134
1.12911003316683
1.09068435404595
1.08744657822178
1.10571252107892
1.16918514525475
1.20565594085914
1.18891725074925
1.12972093426573
1.04743255624376
0.961600951848152
0.911262701298701
0.918532424375625
0.973085892507493
1.06765338261738
1.19942474965035
1.37976275404595
1.5592454969031
1.70494540899101
1.76603551888112
1.72822074085914
1.66102161998002
1.55955094745255
1.49430671008991
1.43700418701299
1.38092346613387
1.35789249470529
1.39515746173826
1.41195724195804
1.42753521998002
1.43003991448551
1.46681616063936
1.49412343976024
1.49455107052947
1.46608307932068
1.43339987052947
1.38709356723277
1.30572154085914
1.21964557602398
1.12232903096903
1.04694383536464
1.00943450789211
0.997338666133866
0.99947681998002
1.00106516283716
0.977667650749251
0.933927132067932
0.880900916683317
0.80459936943057
0.712719844155844
0.5882182001998
0.4381198001998
0.282034569430569
0.302927387012987
0.436042736463537
0.572395861738262
0.819016635364635
1.01462716723277
1.01676532107892
0.838504380419581
0.63818991008991
0.487602789210789
0.447466587012987
0.493100899100899
0.527616811188811
0.545821663936064
0.550831052947053
0.552480485914086
0.53794103976024
0.523890314485514
0.535619615584416
0.550586692507493
0.552297215584416
0.546493655144855
0.529144063936064
0.515337699100899
0.5103894001998
0.529754965034965
0.559078217782218
0.611371351848152
0.670140037562438
0.724143694705295
0.76617369030969
0.803988468331668
0.830012855144855
0.846690455144855
0.857808855144855
0.852677285914086
0.855609611188811
0.836488406793207
0.834166982617383
0.813640705694306
0.841742156243756
0.813090894705295
0.932216608991009
1.05445791888112
0.748763008991009
0.67679885954046
0.511366841958042
0.37684641998002
0.435431835364635
0.777964081518482
1.16399248591409
1.43309441998002
1.47878982217782
1.21133732107892
0.83826001998002
0.553641198001998
0.395112362837163
0.293030789210789
0.138839351848152
-0.0877438657342657
-0.366192586613387
-0.605482547052947
-0.7904633998002
-0.916736656943057
-0.978987478921079
-1.014053201998
-1.02541596243756
-1.0832682965035
-1.17520891188811
-1.33355447672328
-1.52904282837163
-1.7262417030969
-1.89405623496504
-2.04403245474526
-2.16505196243756
-2.25955836243756
-2.37074236243756
-2.45687941738262
-2.54118376903097
-2.63507926793207
-2.71590148331668
-2.75518242397602
-2.76672845474526
-2.78041263936064
-2.76795025694306
-2.76795025694306
-2.76171906573427
-2.76251323716284
-2.75334972067932
-2.74736288991009
-2.7528609998002
-2.75218900859141
-2.76019181298701
-2.75756493826174
-2.75438825254745
-2.74119278881119
-2.73105183056943
-2.72640898221778
-2.71431314045954
-2.6917097998002
-2.64705292947053
-2.60056335584416
-2.56439801078921
-2.51430412067932
-2.4619498965035
-2.39688892947053
-2.33201123276723
-2.26847751848152
-2.21068627452548
-2.15820987012987
-2.11636314485515
-2.08783406353646
-2.04635387892108
-2.00866128111888
-1.94964823496504
-1.90089832727273
-1.85666908771229
-1.8016268987013
-1.74304148331668
-1.67510928111888
-1.61371372067932
-1.61933401078921
-1.61896747012987
-1.63515634925075
-1.65299466133866
-1.64743546133866
-1.61572969430569
-1.56978993166833
-1.49916976463536
-1.4316041030969
-1.36446607232767
-1.30789663056943
-1.24802832287712
-1.18058484155844
-1.12706990529471
-1.12792516683317
-0.978743118481519
-0.338518766833167
0.0950988331668332
-0.313838362437562
-1.01918477122877
-1.27674067452547
-1.29244083276723
-1.18718257342657
-1.04887456463536
-0.97972056023976
-0.960782626173826
-0.922540217382617
-0.866092955844156
-0.728029307492507
-0.686671303096903
-0.722409017382617
-0.757658010789211
-0.75735256023976
-0.721553755844156
-0.668710810789211
-0.612019188811189
-0.554289034965035
-0.521605826173826
-0.504928226173826
-0.487822995404595
-0.480736542657343
-0.454589975624376
-0.431375733866134
-0.403885184415584
-0.360938837162837
-0.314327083316683
-0.286714353646354
-0.261056507492508
-0.24590616023976
-0.231000173426573
-0.218537791008991
-0.203692894305694
-0.205281237162837
-0.207847021778222
-0.21248987012987
-0.223119549250749
-0.222630828371628
-0.222936278921079
-0.236131742657343
-0.242912744855145
-0.25152645034965
-0.257452191008991
-0.26777641958042
-0.273091259140859
-0.285126010789211
-0.292701184415584
-0.295266969030969
-0.311639118481518
-0.312738740459541
-0.323124059140859
-0.338152226173826
-0.35690688991009
-0.369857993206793
-0.382870186613387
-0.403274283316683
-0.414698133866134
-0.443288305294705
-0.446648261338661
-0.450008217382617
-0.471878476723277
-0.488983707492508
-0.508471452547453
-0.516352076723277
-0.536328542657343
-0.552334151448551
-0.570416823976024
-0.587827505294705
-0.61843365034965
-0.64018172947053
-0.660646916283716
-0.687037843756244
-0.700905298701299
-0.723264278921079
-0.753992604195804
-0.77946718001998
-0.795778239360639
-0.813372191008991
-0.839824208591409
-0.859311953646354
-0.89083445034965
-0.906351338261738
-0.925777993206793
-0.945693369030969
-0.96304296023976
-0.97416136023976
-0.993588015184815
-1.00708892947053
-1.01429756243756
-1.02804283716284
-1.03360203716284
-1.04710295144855
-1.0591377030969
-1.07697601518482
-1.08656716243756
-1.09524195804196
-1.10764325034965
-1.11460752287712
-1.13611124155844
-1.15095613826174
-1.1549269954046
-1.15877567232767
-1.16842790969031
-1.17410928991009
-1.18522768991009
-1.18681603276723
-1.20080566793207
-1.21699454705295
-1.22017123276723
-1.2179108987013
-1.21968251188811
-1.22548607232767
-1.22560825254745
-1.23800954485514
-1.22915147892108
-1.22805185694306
-1.23141181298701
-1.23416086793207
-1.22640242397602
-1.23672665254745
-1.23599357122877
-1.236421201998
-1.230862001998
-1.22542498221778
-1.21204624815185
-1.21754435804196
-1.22707441518482
-1.21943815144855
-1.20813648111888
-1.20838084155844
-1.20312709210789
-1.21125207672328
-1.20483761518482
-1.19878969430569
-1.1987286041958
-1.1950631976024
-1.18626622177822
-1.18596077122877
-1.17447583056943
-1.17832450749251
-1.18296735584416
-1.18327280639361
-1.18883200639361
-1.18534987012987
-1.19121452067932
-1.18877091628372
-1.18681603276723
-1.18467787892108
-1.18113465254745
-1.17386492947053
-1.1684889998002
-1.16280761958042
-1.16164690749251
-1.15346083276723
-1.15370519320679
-1.15254448111888
-1.14619110969031
-1.14160935144855
-1.13629451188811
-1.13372872727273
-1.11711221738262
-1.11033121518482
-1.09964044595405
-1.08931621738262
-1.07685383496503
-1.06524671408591
-1.04948546573427
-1.02871482837163
-1.01270921958042
-0.997864322877123
-0.969213061338661
-0.943860665734266
-0.910322195404595
-0.883992358041958
-0.843795065734266
-0.812028208591409
-0.774641061338661
-0.736826283316683
-0.702249281118881
-0.663395971228771
-0.620510714085914
-0.580924322877123
-0.548118933866134
-0.521728006393606
-0.481652894305694
-0.44615954045954
-0.409872015184815
-0.389773369030969
-0.349698256943057
-0.322390977822178
-0.296549861338661
-0.264172103096903
-0.24553961958042
-0.2234249998002
-0.197522793206793
-0.192085773426573
-0.177729597602398
-0.159463654745255
-0.152132841558442
-0.146695821778222
-0.139303918481518
-0.139059558041958
-0.127513527272727
-0.122076507492508
-0.115539865734266
-0.105398907492508
-0.0977626437562438
-0.0903707404595405
-0.0859722525474526
-0.0663623272727273
-0.0502956283716284
-0.0438811668331668
-0.0369168943056943
-0.0355729118881119
-0.0474243932067932
-0.0650183448551449
-0.0652016151848152
-0.0873773250749251
-0.0950746789210789
-0.0925699844155844
-0.0991677162837163
-0.108636683316683
-0.109308674525475
-0.106315259140859
-0.111569008591409
-0.119510722877123
-0.122565228371628
-0.125558643756244
-0.121771056943057
-0.12910187012987
-0.124886652547453
-0.118899821778222
-0.118777641558442
-0.108758863536464
-0.0986179052947053
-0.0950135888111888
-0.0774196371628372
-0.080107601998002
-0.0620860195804196
-0.0497458173826174
-0.0448586085914086
-0.0365503536463537
-0.0290973602397602
-0.0265315756243756
-0.00930416463536464
-0.00686056023976024
-0.00637183936063937
-0.0047224063936064
-0.000507188811188816
0.0038912991008991
0.000958973826173826
0.00890068811188811
-0.00160681078921079
0.00523528151848152
0.00468547052947053
0.00383020899100898
-0.0116866789210789
-0.00710492067932068
-0.00435586573426573
-0.0141302833166833
-0.015596445954046
-0.027875558041958
-0.0362449030969031
-0.0432702657342657
-0.0483407448551449
-0.0648961646353647
-0.0738153206793207
-0.0776639976023976
-0.0853613514485514
-0.0898820195804196
-0.0934863360639361
-0.0852391712287713
-0.100145158041958
-0.0909816415584416
-0.102100041558442
-0.0983735448551449
-0.0983124547452548
-0.100389518481519
-0.097335012987013
-0.0920201734265735
-0.0853613514485514
-0.07900798001998
-0.0751593030969031
-0.0647739844155844
-0.0617194789210789
-0.047302212987013
-0.0468745822177822
-0.0427815448551449
-0.033434758041958
-0.0202392943056943
-0.00960961518481519
-0.00557766793206793
0.00969485954045954
0.0123217342657343
0.0267390001998002
0.0322982001998002
0.0401788243756244
0.0523968463536464
0.0555735320679321
0.0607661914085914
0.0647981386613387
0.0753056375624376
0.0783601430569431
0.0894174529470529
0.0825142705294705
0.0870349386613387
0.0907003452547453
0.0957708243756244
0.0964428155844156
0.0972980771228771
0.0848967848151848
0.0848356947052947
0.0817200991008991
0.0826975408591409
0.0837971628371628
0.0801928463536464
0.0847135144855145
0.0751834573426573
0.0803761166833167
0.077749241958042
0.0799484859140859
0.0859353166833167
0.080009576023976
0.0818422793206793
0.0872792991008991
0.0889287320679321
0.0894785430569431
0.0924108683316683
0.0959540947052947
0.0995584111888112
0.101818745254745
0.105789602397602
0.116724732067932
0.118923976023976
0.138900441958042
0.140183334265734
0.146292345254745
0.152279176023976
0.160953971628372
0.170789479320679
0.180441716683317
0.183435132067932
0.194553532067932
0.212269663936064
0.216301611188811
0.221799721078921
0.248679369430569
0.25448292987013
0.265356969430569
0.275620107892108
0.289121022177822
0.290892635364635
0.303293927672328
0.308425496903097
0.311724362837163
0.317405743056943
0.323575844155844
0.330906657342657
0.326019448551449
0.329318314485515
0.336221496903097
0.338481830969031
0.340192354045954
0.343185769430569
0.344774112287712
0.342513778221778
0.34880605954046
0.352776916683317
0.355953602397602
0.366644371628372
0.371653760639361
0.373181013386613
0.385643395804196
0.392729848551449
0.403298437562438
0.394990182617383
0.4158830001998
0.406658393606394
0.412523044155844
0.41569972987013
0.418143334265734
0.423458173826174
0.426207228771229
0.431338798001998
0.436103826573427
0.430605716683317
0.431827518881119
0.430727896903097
0.432743870529471
