-0.100145158041958
-0.104849096503497
-0.107414881118881
-0.108819953646354
-0.103566204195804
-0.10662070969031
-0.108514503096903
-0.110530476723277
-0.105582177822178
-0.110774837162837
-0.109491944855145
-0.111202467932068
-0.11236318001998
-0.103138573426573
-0.104604736063936
-0.0990455360639361
-0.0991677162837163
-0.102405492107892
-0.102649852547453
-0.109797395404595
-0.110774837162837
-0.111263558041958
-0.115906406393606
-0.115784226173826
-0.117006028371628
-0.113768252547453
-0.117067118481518
-0.11236318001998
-0.115967496503497
-0.120427074525475
-0.125314283316683
-0.12897968991009
-0.130568032767233
-0.129529500899101
-0.134905430569431
-0.127757887712288
-0.119938353646354
-0.124336841558442
-0.1233593998002
-0.129834951448551
-0.130384762437562
-0.134233439360639
-0.137165764635365
-0.128063338261738
-0.135455241558442
-0.135760692107892
-0.13459998001998
-0.130506942657343
-0.127757887712288
-0.125925184415584
-0.135088700899101
-0.128490969030969
-0.130873483316683
-0.1289185998002
-0.13459998001998
-0.135760692107892
-0.13459998001998
-0.13453888991009
-0.119999443756244
-0.126474995404595
-0.11816674045954
-0.116334037162837
-0.120610344855145
-0.113890432767233
-0.109797395404595
-0.108453412987013
-0.111019197602398
-0.124336841558442
-0.121160155844156
-0.125314283316683
-0.120610344855145
-0.116700577822178
-0.115051144855145
-0.108453412987013
-0.113279531668332
-0.109369764635365
-0.10655961958042
-0.106009808591409
-0.101733500899101
-0.0944637778221778
-0.102344401998002
-0.100817149250749
-0.0964186613386614
-0.0950135888111888
-0.0940972371628372
-0.0816348547452548
-0.0820013954045954
-0.0831010173826174
-0.0818181250749251
-0.0824290261738262
-0.0836508283716284
-0.0852391712287713
-0.0831010173826174
-0.0840784591408592
-0.0843228195804196
-0.0824290261738262
-0.0825512063936064
-0.0834064679320679
-0.0870107844155844
-0.0774196371628372
-0.0901874701298701
-0.0892711184815185
-0.0846282701298701
-0.0953801294705295
-0.0934863360639361
-0.0865220635364636
-0.07900798001998
-0.0841395492507493
-0.0790690701298701
-0.0774807272727273
-0.0827955668331669
-0.0794967008991009
-0.0785192591408592
-0.0796188811188811
-0.0793745206793207
-0.0781527184815185
-0.0719826173826174
-0.0675230393606394
-0.070638634965035
-0.0680117602397602
-0.0691724723276723
-0.0669121382617383
-0.0624525602397603
-0.070088823976024
-0.0663012371628372
-0.0610474877122877
-0.0595813250749251
-0.0568933602397602
-0.058970423976024
-0.0548162965034965
-0.0526781426573427
-0.0562824591408592
-0.0579318921078921
-0.0506010789210789
-0.0561602789210789
-0.0480352943056943
-0.0517007008991009
-0.0476076635364635
-0.0457138701298701
-0.0500512679320679
-0.0432091756243756
-0.0443087976023976
-0.0524337822177822
-0.0557326481518482
-0.0425371844155844
-0.0532890437562438
-0.0437589866133866
-0.0505399888111888
-0.0491349162837163
-0.0443698877122877
-0.0449807888111888
-0.0497458173826174
-0.0493181866133866
-0.0498069074925075
-0.0496236371628372
-0.0440644371628372
-0.0606809470529471
-0.0493181866133866
-0.0460804107892108
-0.0503567184815185
-0.0501734481518482
-0.0524948723276723
-0.0559770085914086
-0.05677118001998
-0.0570155404595405
-0.0509676195804196
-0.0602533162837163
-0.0630023712287712
-0.0620249294705295
-0.0554882877122877
-0.0625747404595405
-0.0661179668331668
-0.0633689118881119
-0.0651405250749251
-0.0666066877122877
-0.0675230393606394
-0.0694168327672328
-0.0694168327672328
-0.0646518041958042
-0.0692335624375625
-0.0706997250749251
-0.073998591008991
-0.0655681558441558
-0.0749760327672328
-0.0720437074925075
-0.0735709602397603
-0.0728378789210789
-0.0797410613386614
-0.0791912503496504
-0.0765032855144855
-0.0761367448551449
-0.0812683140859141
-0.0805963228771229
-0.0822457558441559
-0.0743651316683317
-0.0727156987012987
-0.0689281118881119
-0.079557791008991
-0.0724102481518482
-0.0726546085914086
-0.0744262217782218
-0.0674008591408592
-0.0779694481518482
-0.0699055536463536
-0.0748538525474526
-0.0701499140859141
-0.072349158041958
-0.0661179668331668
-0.0698444635364635
-0.0716771668331669
-0.0637354525474526
-0.0640409030969031
-0.0667899580419581
-0.0672786789210789
-0.0630634613386613
-0.0571377206793207
-0.0556715580419581
-0.0643463536463537
-0.0601922261738262
-0.0652016151848152
-0.0538999448551449
-0.0565268195804196
-0.0543886657342657
-0.0604365866133866
-0.061780569030969
-0.052311601998002
-0.0521894217782218
-0.054510845954046
-0.0604976767232767
-0.0496847272727273
-0.0508454393606394
-0.0507232591408592
-0.0487683756243756
-0.0459582305694306
-0.0555493778221778
-0.0416208327672328
-0.0496236371628372
-0.0454695096903097
-0.0405823008991009
-0.0438200767232767
-0.0424150041958042
-0.0420484635364635
-0.0396659492507493
-0.0357561822177822
-0.0391772283716284
-0.0397881294705295
-0.0301969822177822
-0.0362449030969031
-0.0403990305694306
-0.0278144679320679
-0.0292806305694306
-0.0300137118881119
-0.0327627668331668
-0.0276311976023976
-0.0279977382617383
-0.0303802525474526
-0.0261039448551449
-0.0204225646353646
-0.0165738877122877
-0.026165034965035
-0.0250043228771229
-0.0229883492507493
-0.0231716195804196
-0.0198727536463537
-0.0194451228771229
-0.0153520855144855
-0.015596445954046
-0.0181011404595405
-0.0157186261738262
-0.0270202965034965
-0.0127863008991009
-0.0164517074925075
-0.0122364899100899
-0.0115644987012987
-0.00667728991008991
-0.0112590481518482
-0.013397201998002
-0.00600529870129871
-0.0108314173826174
-0.00869326353646355
-0.0053333074925075
-0.00673838001998002
-0.00429477562437564
-0.000995909690309688
-0.00618856903096904
0.0014476947052947
0.00602945294705294
0.00431892987012986
0.0102446705294705
0.00859523756243756
0.00951158921078921
0.00664035404595404
0.00993921998001997
0.0179420243756244
0.0142766177822178
0.0175754837162837
0.0243564859140859
0.0167813122877123
0.0230125034965035
0.0287549738261738
0.0269833606393606
0.0313207584415584
0.0330312815184815
0.036085787012987
0.0346807144855145
0.0343752639360639
0.0354748859140859
0.0363301474525475
0.039995554045954
0.0461656551448551
0.0504419628371628
0.050503052947053
0.0541073694305694
0.0550237210789211
0.0575284155844156
0.0542906397602398
0.0582004067932068
0.0629654353646354
0.0614381826173826
0.0717013210789211
0.066630841958042
0.068891176023976
0.068341365034965
0.0742671056943057
0.0793375848151848
0.0841637034965035
0.077749241958042
0.0829419012987013
0.0873403892107892
0.0894785430569431
0.0879512903096903
0.0820255496503497
0.092227598001998
0.100719123276723
0.0930828595404595
0.100780213386613
0.105911782617383
0.107988846353646
0.105606332067932
0.0998027716283716
0.106033962837163
0.108477567232767
0.116480371628372
0.116663641958042
0.108844107892108
0.120817769430569
0.116846912287712
0.11574729030969
0.12686569030969
0.122406112287712
0.122650472727273
0.127904222177822
0.129187114485515
0.137128828771229
0.13230271008991
0.13199725954046
0.136212477122877
0.140061154045954
0.141099685914086
0.144459641958042
0.150751923276723
0.150141022177822
0.145620354045954
0.151912635364635
0.156860934265734
0.151912635364635
0.15453951008991
0.161809233166833
0.163031035364635
0.169689857342657
0.162908855144855
0.167979334265734
0.17133929030969
0.171461470529471
0.17653194965035
0.177020670529471
0.173477444155844
0.17665412987013
0.17659303976024
0.1823966001998
0.177753751848152
0.184534754045954
0.18765034965035
0.190765945254745
0.192598648551449
0.191926657342657
0.199440740859141
0.198585479320679
0.197485857342657
0.201395624375624
0.201762165034965
0.203228327672328
0.211719852947053
0.205427571628372
0.215201989210789
0.215935070529471
0.22137209030969
0.210986771628372
0.224732046353646
0.214896538661339
0.221677540859141
0.223265883716284
0.228947263936064
0.225159677122877
0.227908732067932
0.227603281518482
0.238538411188811
0.23762205954046
0.238416230969031
0.242936899100899
0.235056274925075
0.244769602397602
0.249290270529471
0.255643641958042
0.245319413386613
0.25429965954046
0.251978235364635
0.253322217782218
0.250573162837163
0.263585356243756
0.2602254001998
0.267311852947053
0.262180283716284
0.269144556243756
0.279102244155844
0.272015791408591
0.276231008991009
0.283684002397602
0.28221783976024
0.285822156243756
0.290098463936064
0.284050543056943
0.295291123276723
0.302194305694306
0.301277954045954
0.293824960639361
0.300117241958042
0.295657663936064
0.299933971628372
0.31001383976024
0.312396354045954
0.306042982617383
0.312396354045954
0.317344652947053
0.312213083716284
0.314839958441558
0.319543896903097
0.329012863936064
0.329379404595405
0.335366235364635
0.336954578221778
0.339398182617383
0.337382208991009
0.33793201998002
0.34355231008991
0.338726191408591
0.350760943056943
0.343796670529471
0.345812644155844
0.352471466133866
0.351555114485514
0.34892823976024
0.356503413386613
0.357664125474526
0.370309778221778
0.362001523276723
0.363162235364635
0.364994938661339
0.373058833166833
0.380634006793207
0.37672423976024
0.377518411188811
0.381672538661339
0.380023105694306
0.382100169430569
0.391019325474526
0.38784263976024
0.394379281518482
0.386376477122877
0.395112362837163
0.391691316683317
0.401526824375624
0.395784354045954
0.400243932067932
0.402809716683317
0.408735457342657
0.415455369430569
0.411667782617383
0.417898973826174
0.411606692507493
0.417837883716284
0.419487316683317
0.42132001998002
0.423702534265734
0.42156438041958
0.430605716683317
0.428284292507493
0.437386718881119
0.434393303496504
0.43787543976024
0.437569989210789
0.432866050749251
0.438241980419581
0.434576573826174
0.440013593606394
0.442396107892108
0.448627299100899
0.442640468331668
0.446061514485515
0.446855685914086
0.45491958041958
0.452781426573427
0.449971281518482
0.455041760639361
0.457546455144855
0.456813373826174
0.45473631008991
0.46041769030969
0.461211861738262
0.46573252987013
0.460600960639361
0.464510727672328
0.461150771628372
0.464755088111888
0.465365989210789
0.470436468331668
0.473552063936064
0.473613154045954
0.469092485914086
0.471841540859141
0.475445857342657
0.472941162837163
0.473979694705295
0.470741918881119
0.474224055144855
0.478133822177822
0.479050173826174
0.475812398001998
0.474529505694306
0.481493778221778
0.470986279320679
0.485586815584416
0.478561452947053
0.484670463936064
0.484609373826174
0.470314288111888
0.486258806793207
0.477767281518482
0.481615958441558
0.481066147452548
0.484181743056943
0.485953356243756
0.48247121998002
0.490474024375624
0.484914824375624
0.480882877122877
0.485220274925075
0.486075536463537
0.485037004595405
0.484426103496504
0.488519140859141
0.485953356243756
0.487663879320679
0.493956160639361
0.496705215584416
0.490901655144855
0.489863123276723
0.486869707892108
0.496766305694306
0.488458050749251
0.490718384815185
0.489068951848152
0.489618762837163
0.489496582617383
0.491573646353646
0.486991888111888
0.492062367232767
0.4937118001998
0.485953356243756
0.490412934265734
0.498049198001998
0.486930798001998
0.490229663936064
0.48247121998002
0.489557672727273
0.488274780419581
0.492428907892108
0.492489998001998
0.489740943056943
0.487358428771229
0.48821369030969
0.492306727672328
0.485525725474526
0.486258806793207
0.489252222177822
0.48778605954046
0.492184547452547
0.491940187012987
0.486014446353646
0.48778605954046
0.485403545254745
0.484853734265734
0.480943967232767
0.484120652947053
0.492001277122877
0.482165769430569
0.49340634965035
0.479905435364635
0.489252222177822
0.486747527672328
0.489740943056943
0.48772496943057
0.482043589210789
0.478439272727273
0.488396960639361
0.483509751848152
0.482165769430569
0.486442077122877
0.481005057342657
0.483143211188811
0.487663879320679
0.480760696903097
0.481554868331668
0.487175158441558
0.480394156243756
0.481677048551449
0.485708995804196
0.475506947452548
0.478378182617383
0.480333066133866
0.483082121078921
0.479783255144855
0.4770342001998
0.48253231008991
0.479783255144855
0.479966525474526
0.478989083716284
0.484120652947053
0.476606569430569
0.47691201998002
0.485220274925075
0.474529505694306
0.482837760639361
0.480027615584416
0.481127237562438
0.479477804595405
0.486380987012987
0.479111263936064
0.489068951848152
0.483754112287712
0.484242833166833
0.480271976023976
0.479844345254745
0.484181743056943
0.48253231008991
0.486319896903097
0.487480608991009
0.485037004595405
0.481127237562438
0.486442077122877
0.48253231008991
0.4881526001998
0.489496582617383
0.487419518881119
0.489191132067932
0.486258806793207
0.487052978221778
0.483509751848152
0.484914824375624
0.484242833166833
0.490107483716284
0.485403545254745
0.494750332067932
0.488519140859141
0.501409154045954
0.487052978221778
0.489618762837163
0.494872512287712
0.49908772987013
0.490657294705295
0.496399765034965
0.502997496903097
0.500492802397602
0.498110288111888
0.498476828771229
0.49346743976024
0.49334525954046
0.500553892507493
0.49377289030969
0.499759721078921
0.503974938661339
0.500676072727273
0.497682657342657
0.502630956243756
0.499942991408591
0.503119677122877
0.499637540859141
0.501958965034965
0.507640345254745
0.498232468331668
0.511183571628372
0.505563281518482
0.51051158041958
0.504280389210789
0.500553892507493
0.50464692987013
0.504402569430569
0.511183571628372
0.507945795804196
0.505685461738262
0.505990912287712
0.509595228771229
0.510878121078921
0.51045049030969
0.509167598001998
0.506296362837163
0.505990912287712
0.509289778221778
0.509473048551449
0.508312336463536
0.512588644155844
0.513443905694306
0.51026721998002
0.510755940859141
0.510633760639361
0.513810446353646
0.51020612987013
0.508801057342657
0.509228688111888
0.505868732067932
0.508984327672328
0.508373426573427
0.506601813386613
0.5103894001998
0.512710824375624
0.506479633166833
0.511794472727273
0.514176987012987
0.503852758441559
0.51032831008991
0.520224907892108
0.511916652947053
0.506113092507493
0.512955184815185
0.511427932067932
0.507945795804196
0.515093338661339
0.500248441958042
0.503302947452548
0.507762525474525
0.49939318041958
0.504097118881119
0.509778499100899
0.502142235364635
0.504219299100899
0.507334894705295
0.508129066133866
0.501592424375624
0.504280389210789
0.49920991008991
0.495849954045954
0.495727773826174
0.502508776023976
0.500187351848152
0.497560477122877
0.501409154045954
0.498537918881119
0.499881901298701
0.497438296903097
0.495361233166833
0.492978718881119
0.497560477122877
0.499698630969031
0.490412934265734
0.498599008991009
0.495544503496504
0.497743747452547
0.490718384815185
0.495727773826174
0.497499387012987
0.491573646353646
0.488702411188811
0.495116872727273
0.499576450749251
0.4881526001998
0.494628151848152
0.494872512287712
0.484670463936064
0.490962745254745
0.485159184815185
0.485342455144855
0.485281365034965
0.483754112287712
0.480333066133866
0.489130041958042
0.485342455144855
0.481982499100899
0.484426103496504
0.472513532067932
0.478927993606394
0.478317092507493
0.480394156243756
0.47697311008991
0.477339650749251
0.467076512287712
0.474957136463537
0.477461830969031
0.475445857342657
0.474651685914086
0.466282340859141
0.469825567232767
0.465488169430569
0.470131017782218
0.466465611188811
0.46585471008991
0.456813373826174
0.457912995804196
0.461700582617383
0.462678024375624
0.461944943056943
0.454980670529471
0.4547974001998
0.459562428771229
0.459745699100899
0.456996644155844
0.453025787012987
0.446489145254745
0.455713751848152
0.444534261738262
0.444412081518482
0.445633883716284
0.449726921078921
0.442090657342657
0.451437444155844
0.435370745254745
0.437631079320679
0.435370745254745
0.430788987012987
0.438547430969031
0.436287096903097
0.43805871008991
0.434698754045954
0.424741066133866
0.429994815584416
0.431644248551449
0.427795571628372
0.424741066133866
0.42663485954046
0.42132001998002
0.41569972987013
0.425840688111888
0.420281488111888
0.423274903496504
0.420831299100899
0.421747650749251
0.41582191008991
0.417593523276723
0.409285268331668
0.408246736463536
0.407574745254745
0.40439805954046
0.410751430969031
0.402443176023976
0.401771184815185
0.392913118881119
0.398533408991009
0.393035299100899
0.390286244155844
0.388820081518482
0.387109558441558
0.388881171628372
0.386926288111888
0.386376477122877
0.381794718881119
0.386009936463537
0.382039079320679
0.377396230969031
0.380634006793207
0.374830446353646
0.373730824375624
0.373791914485515
0.374341725474525
0.3602910001998
0.372203571628372
0.369271246353646
0.372142481518482
0.37104285954046
0.363956406793207
0.364384037562438
0.364200767232767
0.360901901298701
0.355770332067932
0.359069198001998
0.354243079320679
0.357969576023976
0.348378428771229
0.347278806793207
0.345995914485514
0.345751554045954
0.342574868331668
0.344285391408591
0.338420740859141
0.335977136463536
0.339886903496504
0.34324685954046
0.336832398001998
0.335427325474525
0.329990305694306
0.330479026573427
0.333411351848152
0.326080538661339
0.329684855144855
0.329562674925075
0.320521338661339
0.323575844155844
0.325836178221778
0.310930191408591
0.31031929030969
0.302927387012987
0.307570235364635
0.31038038041958
0.312029813386613
0.306287343056943
0.301400134265734
0.299689611188811
0.297673637562438
0.296818376023976
0.293091879320679
0.293824960639361
0.288326850749251
0.284172723276723
0.292236617782218
0.288326850749251
0.283256371628372
0.284111633166833
0.275497927672328
0.274887026573427
0.272443422177822
0.274948116683317
0.266151140859141
0.271527070529471
0.268228204595405
0.264990428771229
0.258759237562438
0.270305268331668
0.249778991408591
0.255643641958042
0.251856055144855
0.253688758441558
0.248190648551449
0.241470736463536
0.248557189210789
0.246296855144855
0.239210402397602
0.236583527672328
0.241348556243756
0.239149312287712
0.235850446353646
0.238782771628372
0.230596696903097
0.231268688111888
0.229985795804196
0.220394648551449
0.227969822177822
0.220577918881119
0.223876784815185
0.211903123276723
0.212941655144855
0.212269663936064
0.209581699100899
0.210375870529471
0.207199184815185
0.203350507892108
0.201884345254745
0.199990551848152
0.198096758441558
0.199562921078921
0.195164433166833
0.190765945254745
0.19339281998002
0.18771143976024
0.184962384815185
0.181663518881119
0.177998112287712
0.179647545254745
0.176409769430569
0.175187967232767
0.163580846353646
0.168834595804196
0.161076151848152
0.16003761998002
0.163703026573427
0.159243448551449
0.16009871008991
0.151729365034965
0.147880688111888
0.1490414001998
0.147941778221778
0.148308318881119
0.141038595804196
0.142871299100899
0.136151387012987
0.13767863976024
0.136517927672328
0.128392943056943
0.133524512287712
0.1323638001998
0.128148582617383
0.119718147452547
0.113059325474525
0.115075299100899
0.115136389210789
0.106889224375624
0.108599747452547
0.114830938661339
0.114830938661339
0.0990696903096903
0.107866666133866
0.111898613386613
0.101940925474525
0.0877069298701299
0.0985198793206793
0.0966260859140859
0.0919221474525475
0.0987031496503497
0.0846524243756244
0.0849578749250749
0.0829419012987013
0.0847135144855145
0.0870349386613387
0.0798263056943057
0.0793375848151848
0.0793986749250749
0.080559387012987
0.080009576023976
0.0752445474525475
0.0693798969030969
0.0646148683316683
0.0680970045954046
0.0611327320679321
0.0678526441558442
0.0639428771228771
0.061071641958042
0.0552069914085914
0.0657144903096903
0.058322587012987
0.0604607408591409
0.05441281998002
0.0538019188811189
0.0519081254745255
0.0546571804195804
0.0489147100899101
0.0541073694305694
0.0563677034965035
0.0479983584415584
0.0509306837162837
0.0446994925074925
0.045554754045954
0.0469598265734266
0.0549015408591409
0.0409119056943057
0.0512972243756244
0.0354137958041958
0.0408508155844156
-0.141380982217782
-0.558320982217782
-1.26501137342657
-1.8405412987013
-2.17128315364635
-2.26285722837163
-2.08227486353646
-1.76698880639361
-0.956811769030969
0.0575284155844156
0.751145523276723
0.934904573826174
0.800261971628372
0.294069321078921
-0.15708114045954
-0.415492305294705
-0.648367804195804
-0.845261228371628
-0.994137826173826
-1.00831073166833
-0.807568630569431
-0.352508401998002
0.227481101298701
0.681747158441559
0.906619852947053
0.884871773826174
0.653890068331668
0.327974332067932
0.0282662529470529
-0.147551083316683
-0.200394028371628
-0.171254045954046
-0.095135769030969
0.00492983096903096
0.111409892507493
0.213491466133866
0.257415255144855
0.212575114485514
0.0487314397602398
-0.185549131668332
-0.424594731668332
-0.572432797602398
-0.591676182217782
-0.543048454745255
-0.501751540459541
-0.419463162437562
-0.306324278921079
-0.217621439360639
-0.132400736063936
-0.033984569030969
0.0286327936063936
0.0600942001998002
0.024417576023976
-0.0535944943056943
-0.109186494305694
-0.132217465734266
-0.0935474261738262
-0.0242712415584416
0.0359025166833167
0.0718845914085914
0.0730453034965035
0.0603996507492508
0.0362690573426573
0.0118941034965035
-0.00136245034965035
-0.0101594261738262
-0.00838781298701299
0.0181863848151848
0.0439053210789211
0.0845302441558442
0.128148582617383
0.151240644155844
0.163275395804196
0.156005672727273
0.118740705694306
0.0803761166833167
0.0559400727272727
0.0291215144855145
0.00615163316683316
-0.028425369030969
-0.0421095536463537
-0.0653237954045954
-0.0648961646353647
-0.0652016151848152
-0.0631245514485514
-0.0469356723276723
-0.0355729118881119
-0.0156575360639361
0.00242513646353645
0.0286327936063936
0.0528244771228771
0.0684635452547453
0.0695020771228771
0.0636374265734266
0.0636374265734266
0.0594832991008991
0.0503197826173826
0.0331534617382617
0.0142766177822178
0.00169205514485514
-0.016757158041958
-0.0275701074925075
-0.0300137118881119
-0.0306857030969031
-0.0221330877122877
-0.00515003716283717
0.0133602661338661
0.0314429386613387
0.0566120639360639
0.0676693738261738
0.0552069914085914
0.0587502177822178
0.0542906397602398
0.0434776903096903
0.0275331716283716
-0.017306969030969
-0.0427815448551449
-0.0696611932067932
-0.0738764107892108
-0.0623914701298701
-0.0553661074925075
-0.0573820811188811
-0.0358172723276723
-0.0262261250749251
-0.013947012987013
-0.00954852507492508
-0.00826563276723277
-0.00423368551448552
-0.002278801998002
-0.0142524635364635
-0.0122364899100899
-0.00447804595404595
0.00767888591408591
0.0227070529470529
0.00010371228771229
-0.0227439888111888
-0.0358172723276723
-0.0462636811188811
-0.0584817030969031
-0.0633689118881119
-0.0636132723276723
-0.0529835932067932
-0.0321518657342657
-0.0154742657342657
0.0274720815184815
0.0435998705294705
0.0454325738261738
0.0486703496503497
0.056062252947053
0.0432333298701299
0.0509917738261738
0.0367577782217782
0.0184307452547453
-0.0149855448551449
-0.0237825206793207
-0.0426593646353646
-0.0549995668331668
-0.0498069074925075
-0.0498679976023976
-0.0365503536463537
-0.0100983360639361
0.00890068811188811
0.0282662529470529
0.0573451452547453
0.0775048815184815
0.0869738485514486
0.0870960287712288
0.0971758969030969
0.103590358441558
0.103223817782218
0.112692784815185
0.115258569430569
0.107866666133866
0.0968093562437563
0.0809259276723277
0.0736562045954046
0.0484870793206793
0.0292436947052947
0.0195303672327672
0.0406064551448551
0.051113954045954
0.0726176727272727
0.0981533386613387
0.128942754045954
0.164558288111888
0.170239668331668
0.179036644155844
0.165230279320679
0.163641936463536
0.156738754045954
0.15991543976024
0.151485004595405
0.16535245954046
0.182640960639361
0.184901294705295
0.198463299100899
0.207077004595405
0.195897514485515
0.189544143056943
0.177448301298701
0.167796063936064
0.177448301298701
0.185756556243756
0.19901311008991
0.214591088111888
0.238171870529471
0.255032740859141
0.273359773826174
0.283867272727273
0.283622912287712
0.277758261738262
0.269694367232767
0.273054323276723
0.266334411188811
0.261386112287712
0.249412450749251
0.241959457342657
0.227420011188811
0.20426685954046
0.203594868331668
0.191437936463536
0.199746191408591
0.201151263936064
0.211414402397602
0.225281857342657
0.252894587012987
0.280873857342657
0.288937751848152
0.303538288111888
0.322720582617383
0.32705798041958
0.327607791408591
0.323270393606394
0.317650103496504
0.31593958041958
0.32113223976024
0.327241250749251
0.333289171628372
0.331456468331668
0.317894463936064
0.304149189210789
0.301827765034965
0.287471589210789
0.290403914485515
0.283439641958042
0.292847518881119
0.304210279320679
0.329379404595405
0.340619984815185
0.353204547452547
0.356808863936064
0.361024081518482
0.363895316683317
0.357358674925075
0.347889707892108
0.325530727672328
0.301766674925075
0.313434885914086
0.308364406793207
0.31563412987013
0.323392573826174
0.333900072727273
0.344590841958042
0.341414156243756
0.332739360639361
0.309586208991009
0.295474393606394
0.278735703496504
0.277574991408591
0.275070296903097
0.300239422177822
0.322109681518482
0.340742165034965
0.37128721998002
0.389369892507493
0.394868002397602
0.393951650749251
0.380511826573427
0.363467685914086
0.356992134265734
0.349783501298701
0.339947993606394
0.33261718041958
0.345201743056943
0.377946041958042
0.393218569430569
0.409773989210789
0.428223202397602
0.429994815584416
0.424557795804196
0.420037127672328
0.400060661738262
0.387048468331668
0.37104285954046
0.36566692987013
0.367194182617383
0.367621813386613
0.349783501298701
0.362673514485515
0.387109558441558
0.399694121078921
0.427978841958042
0.448749479320679
0.447283316683317
0.42681812987013
0.41014052987013
0.395417813386613
0.379778745254745
0.362856784815185
0.364078587012987
0.352532556243756
0.367438543056943
0.388392450749251
0.424007984815185
0.447894217782218
0.468237224375624
0.481432688111888
0.46585471008991
0.467198692507493
0.45467521998002
0.436714727672328
0.426451589210789
0.422541822177822
0.413683756243756
0.402320995804196
0.402687536463537
0.415149918881119
0.427245760639361
0.446000424375624
0.470131017782218
0.478683633166833
0.500981523276723
0.508251246353646
0.512894094705295
0.507151624375624
0.488702411188811
0.472024811188811
0.477217470529471
0.484242833166833
0.493895070529471
0.495666683716284
0.485647905694306
0.500065171628372
0.500920433166833
0.524806666133866
0.530976767232767
0.53219856943057
0.543194789210789
0.556695703496504
0.564454147452548
0.550586692507493
0.553885558441559
0.55449645954046
0.563782156243756
0.555718261738262
0.570074437562438
0.5715406001998
0.576244538661339
0.569891167232767
0.569158085914086
0.572518041958042
0.578138332067932
0.585408055144855
0.5882182001998
0.589195641958042
0.587240758441559
0.597503896903097
0.600375132067932
0.602452195804196
0.589317822177822
0.595426833166833
0.594999202397603
0.611004811188811
0.610821540859141
0.641794226573427
0.63263071008991
0.654317699100899
0.61014954965035
0.581742648551449
0.53232074965035
0.573251123276723
0.527555721078921
0.819138815584416
0.59945878041958
-0.199905307492508
-1.32506295144855
-2.4742900987013
-2.88719815144855
-2.55523449430569
-1.86540497342657
-1.11570714485514
-2.01764152727273
-4.56900887672328
-7.70421440639361
-10.9382637338661
-13.2420328679321
-14.7900562525475
-15.2499425998002
-15.4692560943057
-14.9217054393606
-13.2267603404595
-9.97468943056943
-4.99700618661339
0.161625962837163
4.52712521558442
8.65394540899101
12.4610199672328
16.2630240463536
19.4466129430569
21.6432300243756
22.5022180595405
22.3119223672328
21.4538506837163
20.2556903584416
18.9321731276723
17.275164987013
15.5085611892108
13.5300358001998
11.5805893034965
9.56595965954046
7.74559656503497
5.84593850789211
3.96802852987013
1.67275092107892
-0.856257448151848
-3.79518045474526
-7.02513674485515
-10.6006186965035
-12.5704081998002
-13.0298058261738
-10.9999647448551
-11.66993998002
-13.0116620635365
-10.39688318002
-10.4427007624376
-10.3855815096903
-9.6777914965035
-8.36380432287712
-7.62113185694306
-6.74790982617383
-5.92814164155844
-5.34906848991009
-5.05131529430569
-4.50022141298701
-3.9338550041958
-3.43487098661339
-3.2333958041958
-3.46278916683317
-3.85413241078921
-4.19379342177822
-4.34841248991009
-4.94862281958042
-5.33159671848152
-5.466972401998
-5.16017787012987
-4.80096802397602
-4.64909801078921
-4.87940772507493
-4.7819689998002
-3.82065503056943
-2.06633034485515
-0.196178810789211
0.339703633166833
-0.29037976023976
-0.945571188811189
-1.62098344375624
-1.54926365474525
-2.17128315364635
-1.66521268331668
6.56460256063936
-4.35476586133866
-5.57809531188811
-6.69769375584416
-7.02196005914086
-7.43999968111888
-7.29032891188811
-7.13180007672328
-6.72976606353646
-6.48748268771229
-6.00920821738262
-5.6090679976024
-5.2421607976024
-5.12560086793207
-5.28241918001998
-5.45939722837163
-5.79429321078921
-6.36939550529471
-6.66134514045954
-6.09925503936064
-4.88343967232767
-3.96708802397602
-3.41519997122877
-2.63746178221778
-2.22259884595405
-2.12998623936064
-1.98245362397602
-1.70974737342657
-1.56991211188811
-1.61065921518482
-1.65727096903097
-1.74572944815185
-1.8504378965035
-1.14081518001998
-0.726807505294705
-1.74200295144855
-2.3062922965035
-1.70950301298701
-0.828583628371628
-0.630407311888112
-1.25957435364635
-1.75361007232767
-1.49971957562438
-0.953268542657343
-0.782155144855145
-1.05137925914086
-1.44699881078921
-1.66661775584416
-1.67901904815185
-1.58939985694306
-1.70064494705295
-2.09944118441558
-2.6663574041958
-3.24426984375624
-3.70128495584416
-3.98908046353646
-4.12610558001998
-4.05175891628372
-3.7695836987013
-3.37726301298701
-2.99544982617383
-2.15912622177822
-2.03957287672328
-2.11104830529471
-2.5477815008991
-2.5558453954046
-2.47929948771229
-2.5866959008991
-2.60581710529471
-2.22143813386613
-1.54791967232767
-1.26214013826174
-1.19976713606394
-1.13989882837163
-0.765660815184815
-0.200943839360639
0.124910806793207
0.201884345254745
0.121611940859141
0.108721927672328
0.218623035364635
0.330479026573427
0.452659246353646
0.51588751008991
0.630187105694306
0.742104187012987
0.835449874925075
0.88242816943057
0.826652899100899
0.791526085914086
0.73807223976024
0.679425734265734
0.614853488111888
0.559078217782218
0.576000178221778
0.590845074925075
0.652301725474526
0.700929452947053
0.74363143976024
0.794030780419581
0.817794833166833
0.832089918881119
0.838687650749251
0.826347448551449
0.867277822177822
0.895990173826174
0.797207466133866
0.67117856943057
0.548631808991009
0.472941162837163
0.465121628771229
0.516864951848152
0.5659814001998
0.609538648551449
0.602757646353646
0.562071633166833
0.545149672727273
0.550892143056943
0.569341356243756
0.608072485914086
0.602635466133866
0.597076266133866
0.597931527672328
0.577466340859141
0.562926894705295
0.549548160639361
0.530060415584416
0.530854587012987
0.530671316683317
0.528533162837163
0.533725822177822
0.522912872727273
0.532137479320679
0.542522798001998
0.528166622177822
0.523645954045954
0.515398789210789
0.519064195804196
0.531770938661339
0.533970182617383
0.518208934265734
0.503241857342657
0.503425127672328
0.58815711008991
0.598236978221778
0.559383668331668
0.59903114965035
0.639289532067932
0.616686191408591
0.629881655144855
0.635929576023976
0.605934332067932
0.644848732067932
0.679670094705295
0.669162595804196
0.653645707892108
0.627682411188811
0.642954938661339
0.645398543056943
0.635929576023976
0.638922991408592
0.644237830969031
0.644787641958042
0.650346841958042
0.655234050749251
0.616380740859141
0.625055536463537
0.650224661738262
0.651935184815185
0.62670496943057
0.657188934265734
0.675149426573427
0.8606190001998
0.893057848551449
0.666657901298701
0.350150041958042
0.142138217782218
0.219661567232767
0.535986156243756
1.08744657822178
1.81759557162837
2.33521207272727
2.44138668371628
2.08681968591409
1.57024171668332
1.2410882045954
1.08372008151848
0.966915791408592
0.816695211188811
0.551441954045954
0.330417936463536
0.216179430969031
0.218623035364635
0.313190525474526
0.422175281518482
0.482959940859141
0.516742771628372
0.506479633166833
0.397800327672328
0.215935070529471
-0.0344732899100899
-0.429848481118881
-0.909222573426574
-1.11552387452547
-1.12633682397602
-1.0560831976024
-0.960904806393607
-0.912460349250749
-0.930543021778222
-0.898226353646354
-0.776718125074925
-0.64042608991009
-0.532296595404595
-0.43504114045954
-0.336747153646354
-0.266065896503497
-0.265882626173826
-0.29563350969031
-0.329782881118881
-0.403213193206793
-0.493993096503497
-0.543903716283716
-0.610308665734266
-0.674208920679321
-0.731083812987013
-0.753564973426573
-0.777573386613387
-0.783682397602398
-0.76291176023976
-0.745073448151848
-0.767737878921079
-0.756375118481519
-0.693879936063936
-0.638715566833167
-0.620083083316683
-0.619350001998002
-0.629613140459541
-0.639631918481519
-0.663395971228771
-0.687709834965035
-0.742080032767233
-0.832921026173826
-0.895049667932068
-0.950214037162837
-0.986257201998002
-0.992488393206793
-0.991938582217782
-0.991877492107892
-0.990228059140859
-0.983813597602398
-1.00000247672328
-1.00739438001998
-1.02346107892108
-1.05186798001998
-1.09316489430569
-1.13189602397602
-1.16036401518482
-1.18266190529471
-1.22866275804196
-1.21088553606394
-1.21125207672328
-1.22120976463536
-1.22536389210789
-1.23678774265734
-1.25890236243756
-1.2840103976024
-1.29488443716284
-1.31663251628372
-1.32481859100899
-1.29781676243756
-1.25603112727273
-1.19701808111888
-1.11552387452547
-1.01668007672328
-0.921929316283716
-0.821558265734266
-0.738292445954046
-0.670787874525475
-0.596991021778222
-0.526615215184815
-0.439073087712288
-0.347376832767233
-0.245417439360639
-0.128124428371628
-0.0154742657342657
0.0914334265734266
0.19876874965035
0.291503536463536
0.391141505694306
0.48222685954046
0.547654367232767
0.616380740859141
0.672950182617383
0.717240512287712
0.746747035364635
0.771183079320679
0.800506332067932
0.822926402397603
0.837771299100899
0.839787272727273
0.820971518881119
0.811808002397603
0.801361593606394
0.782118208991009
0.779918965034965
0.773748863936064
0.772343791408592
0.756765813386614
0.74931281998002
0.734590103496504
0.716751791408591
0.708626806793207
0.689505602397603
0.687184178221778
0.675027246353646
0.661281971628372
0.659204907892108
0.652240635364636
0.645581813386613
0.64900285954046
0.651079923276723
0.63806772987013
0.625360987012987
0.5993366001998
0.576000178221778
0.509534138661339
0.35986336943057
0.213796916683317
0.111776433166833
0.0998027716283716
0.201029083716284
0.373608644155844
0.585774595804196
0.787066507892108
0.914928107892108
0.991229655144855
1.0422398969031
1.01456607712288
0.933377321078921
0.781751668331668
0.605384521078921
0.457302094705295
0.35467071008991
0.314412327672328
0.324370015584416
0.383321971628372
0.456935554045954
0.548265268331668
0.633547061738262
0.701479263936064
0.752367325474526
0.779491334265734
0.812357813386614
0.822010050749251
0.841619976023976
0.862879334265734
0.87143194965035
0.875952617782218
0.868927255144855
0.835633145254745
0.790059923276723
0.724571325474526
0.634707773826174
0.55480191008991
0.476240028771229
0.406169672727273
0.357786305694306
0.333838982617383
0.307875685914086
0.297001646353646
0.302683026573427
0.290892635364635
0.288204670529471
0.277147360639361
0.27684191008991
0.258942507892108
0.241837277122877
0.232795940859141
0.211108951848152
0.190704855144855
0.167918244155844
0.140000063936064
0.124727536463536
0.124177725474525
0.111409892507493
0.118190894705295
0.13230271008991
0.156250033166833
0.176165408991009
0.212269663936064
0.242020547452547
0.268778015584416
0.303293927672328
0.314351237562438
0.328157602397602
0.326263808991009
0.32699689030969
0.32143769030969
0.318077734265734
0.302744116683317
0.292908608991009
0.299689611188811
0.287410499100899
0.275925558441558
0.274215035364635
0.272809962837163
0.268778015584416
0.27116052987013
0.270610718881119
0.266945312287712
0.267311852947053
0.263035545254745
0.267739483716284
0.275620107892108
0.283439641958042
0.294680222177822
0.301155773826174
0.303965918881119
0.322903852947053
0.317833373826174
0.332067369430569
0.341414156243756
0.341902877122877
0.35485398041958
0.360474270529471
0.374280635364635
0.374219545254745
0.367072002397602
0.373242103496504
0.373669734265734
0.368110534265734
0.365178208991009
0.367805083716284
0.359313558441558
0.353937628771229
0.342941408991009
0.343002499100899
0.324919826573427
0.308425496903097
0.297795817782218
0.284172723276723
0.268472565034965
0.245685954045954
0.228092002397602
0.211414402397602
0.194920072727273
0.184779114485514
0.173905074925075
0.172866543056943
0.166207721078921
0.168895685914086
0.175004696903097
0.186856178221778
0.196386235364635
0.199379650749251
0.212391844155844
0.231818499100899
0.235422815584416
0.245502683716284
0.252039325474525
0.264623888111888
0.277391721078921
0.284111633166833
0.290770455144855
0.302316485914086
0.305798622177822
0.307325874925075
