0.669712406793207
0.589562182617383
0.552175035364635
0.510755940859141
0.513443905694306
0.508434516683317
0.520469268331668
0.526333918881119
0.564393057342657
0.595915554045954
0.657494384815185
0.7772310001998
0.922930912287712
0.974796415584416
0.896173444155844
0.869477066133866
0.739232951848152
0.577649611188811
0.490718384815185
0.504280389210789
0.601719114485515
0.680280995804196
0.68241914965035
0.647536696903097
0.57667216943057
0.566775571628372
0.619435246353646
0.67679885954046
0.728725452947053
0.738866411188811
0.706305382617383
0.667696433166833
0.660854340859141
0.66012125954046
0.659571448551449
0.661159791408591
0.651935184815185
0.656883483716284
0.629087483716284
0.618579984815185
0.613326235364635
0.592250147452548
0.579543404595405
0.555107360639361
0.506174182617383
0.4770342001998
0.452353795804196
0.459318068331668
0.452781426573427
0.477828371628372
0.484242833166833
0.498721189210789
0.513077365034965
0.532870560639361
0.555290630969031
0.568852635364635
0.592861048551449
0.584308433166833
0.602024565034965
0.587668389210789
0.607950305694306
0.506357452947053
0.224670956243756
0.00358584855144855
-0.0440033470529471
0.0756721782217782
0.108721927672328
-0.117372569030969
-0.476887865734266
-0.766821527272727
-0.7737857998002
-0.537428164635365
-0.249082845954046
-0.0939139668331669
-0.153965544855145
-0.329782881118881
-0.485318300899101
-0.521911276723277
-0.431681184415584
-0.314876894305694
-0.231733254745255
-0.229961641558442
-0.30137598001998
-0.348537544855145
-0.35153096023976
-0.309806415184815
-0.268876041558442
-0.271502916283716
-0.273091259140859
-0.275657043756244
-0.253908964635365
-0.20143256023976
-0.148039804195804
-0.0808406833166833
-0.0509065294705295
-0.0210334657342657
0.00364693866133866
0.0349250749250749
0.0772605210789211
0.105484151848152
0.136945558441558
0.172805452947053
0.204938850749251
0.238171870529471
0.27684191008991
0.324125655144855
0.390347334265734
0.437508899100899
0.472330261738262
0.516987132067932
0.538613030969031
0.567019932067932
0.575877998001998
0.601841294705295
0.621023589210789
0.635501945254745
0.646375984815185
0.68260241998002
0.709359888111888
0.720356107892108
0.717973593606394
0.745525233166833
0.754200028771229
0.776253558441559
0.814618147452548
0.8161454001998
0.830807026573427
0.844552301298701
0.875586077122877
0.902282455144855
0.921953470529471
0.911079430969031
0.943090648551449
0.978278551848152
0.987075527672328
1.00192042437562
1.01261119360639
1.01963655624376
1.03765813866134
1.07327367272727
1.07296822217782
1.09984787052947
1.10968337822178
1.12941548371628
1.11994651668332
1.1256278969031
1.11866362437562
1.11768618261738
1.12263448151848
1.12300102217782
1.12287884195804
1.11487603756244
1.1181749034965
1.12330647272727
1.11029427932068
1.09624355404595
1.12019087712288
1.12208467052947
1.13161472767233
1.13033183536464
1.126238798002
1.15226318481518
1.15421806833167
1.1465818045954
1.15330171668332
1.16906296503497
1.16496992767233
1.16564191888112
1.17395017382617
1.16179324195804
1.154034798002
1.15220209470529
1.15104138261738
1.14224440679321
1.15012503096903
1.16063252987013
1.16350376503497
1.15989944855145
1.14364947932068
1.18085335624376
1.15831110569431
1.15171337382617
1.11395968591409
1.03637524635365
0.174088345254745
-0.938851276723277
-2.07372224815185
-3.49247896023976
-5.0006105030969
-6.39059377342657
-7.48874958881119
-8.06049192727273
-8.06452387452548
-7.2478101954046
-5.42750819100899
-2.80704792727273
0.700868362837163
4.74662198041958
8.77972994525475
12.7728849782218
15.9388188331668
17.5396240727273
17.9710424287712
18.4969060947053
19.2933989474525
19.7450381298701
19.3109928991009
18.4336167408591
17.7175795628372
16.8834552023976
16.2787242045954
15.7477900595405
14.8897794661339
13.7354818397602
12.4307192727273
11.0550921782218
9.99090246393606
8.91858776503497
7.80882482877123
6.65287776943057
5.59821811228771
4.64020300899101
3.70473015624376
2.78917267932068
1.87893004195804
0.887498648551449
-0.470106863536464
-2.46579857342657
-4.66119385254745
-6.68846914925075
-8.43020927232767
-9.96961895144855
-10.9571405778222
-10.9392411756244
-10.2885093250749
-9.14380284595405
-7.23950194045954
-5.04783315804196
-3.61404827892108
-2.8257415008991
-2.34997172507493
-2.18759421298701
-2.37868407672328
-2.86483917122877
-3.55485196243756
-3.92902888551449
-4.35012301298701
-4.44646211628372
-4.60505204155844
-4.66375963716284
-4.7578994965035
-5.09261220859141
-4.76852917562438
-4.41438980859141
-3.82945200639361
-2.96478259100899
-2.33109488111888
-1.88898575584416
-1.58964421738262
-1.07172226573427
-0.167527549250749
2.04387333866134
14.1519331188811
1.38391688151848
-0.44573190969031
-0.710007725074925
-1.26183468771229
-0.671215505294705
-0.615012604195804
-1.05840462177822
-1.2852321998002
-1.37069726353646
-1.20141656903097
-1.0430710041958
-0.881182212987013
-0.70139401958042
-0.543476085514486
-0.255558397602398
0.170484028771229
0.377212960639361
0.657983105694306
0.637029198001998
0.735139914485515
0.735506455144855
0.838748740859141
0.692071387012987
1.01572678921079
0.680219905694306
1.52973897382617
-1.10000698661339
-3.51465467012987
-1.46917452067932
0.219844837562438
1.97630767712288
2.438209998002
2.28878358921079
1.56266654305694
1.03057168591409
0.777902991408592
0.906619852947053
1.17443889470529
1.60891175624376
1.82223841998002
2.01345046393606
1.78014733426573
1.44598443316683
1.25483347932068
1.18684018701299
1.39253058701299
1.82871397162837
2.849590798002
2.15371335624376
1.53688651668332
0.495422323276723
0.047204187012987
0.680586446353646
1.41214051228771
1.8872382969031
1.96879359360639
1.91185761118881
1.78369056063936
1.76426390569431
1.86029755844156
2.0052032991009
1.82119988811189
1.47219209030969
1.00442511888112
0.663847756243756
0.538674121078921
0.612104433166833
0.936981637562438
1.79151009470529
2.08669750569431
1.23009198481519
0.945473162837163
1.65424061778222
2.18016537382617
2.13098783536464
1.44659533426573
0.805760081518482
0.765562789210789
1.08640804635365
1.39576836283716
1.38012929470529
1.20327342657343
1.11848035404595
1.27426013426573
1.5233856023976
1.52705100899101
1.27426013426573
1.04724928591409
1.10907247712288
0.999965540859141
0.41026271008991
0.402137725474526
0.962211852947053
1.57201332987013
1.77813136063936
1.72376116283716
1.5678592023976
1.4665718001998
1.4554534001998
1.45520903976024
1.56016184855145
1.76224793206793
1.80898186613387
1.70427341778222
1.60854521558442
1.50200406393606
1.47604076723277
1.52436304415584
1.54892126833167
1.52973897382617
1.51037340899101
1.51122867052947
1.56767593206793
1.60194748371628
1.57060825734266
1.5759230969031
1.5610782001998
1.559856398002
1.61037791888112
1.58007722437562
1.52051436723277
1.52100308811189
1.47121464855145
1.41415648591409
1.32472056503497
1.22080628811189
1.11108845074925
0.924580345254745
0.773565593606394
0.658899457342657
0.545210762837163
0.341597426573427
0.190949215584416
0.0596054793206793
-0.091226001998002
-0.209435364635365
-0.356051628371628
-0.513969562437562
-0.557893351448551
-0.615684595404595
-0.813616551448551
-1.08675043276723
-1.21216842837163
-1.22059886353646
-1.26256776903097
-1.44938132507493
-1.66900027012987
-1.8745073998002
-1.98556921958042
-2.11013195364635
-2.23683284155844
-2.08856714485515
-1.74090332947053
-1.42775542617383
-1.24008660859141
-1.07691492507493
-0.826934195404595
-0.52398834045954
-0.274251971228771
-0.0857889822177822
0.0238066749250749
0.110676811188811
0.206710463936064
0.304210279320679
0.369576696903097
0.37116503976024
0.358641567232767
0.360901901298701
0.33212845954046
0.220455738661339
0.0489758001998002
-0.190497430569431
-0.444876648151848
-0.730350731668332
-1.08174104375624
-1.55671664815185
-1.85404221298701
-1.89142936023976
-1.87010891188811
-1.7546486041958
-1.66466287232767
-1.64047118881119
-1.70101148771229
-1.75916927232767
-1.76723316683317
-1.66991662177822
-1.53612928111888
-1.33569263056943
-1.19097016023976
-1.0221170965035
-0.871529975624376
-0.763156120679321
-0.752159900899101
0.452414885914086
2.15133084195804
2.07838925074925
1.89664617382617
2.27705428811189
3.02736301778222
3.63795866613387
3.90632751888112
3.75769528151848
3.41986697382617
2.73443594085914
1.71759106173826
0.477278560639361
-0.796755681118881
-2.04898075364635
-3.2686447976024
-4.09977574265734
-4.64323336023976
-4.97458611628372
-5.14142320639361
-5.0920623976024
-4.88105715804196
-4.65416848991009
-4.788750001998
-5.49794508771229
-6.01543940859141
-6.03755402837163
-6.00572608111888
-5.92795837122877
-5.83778936903097
-5.87151110969031
-6.04738953606394
-6.23890703056943
-6.3262047976024
-6.17586203716284
-5.89240392727273
-5.63277096023976
-5.49140844595405
-5.50332101738262
-5.59349001958042
-5.71011103936064
-5.83455159320679
-5.91427418661339
-5.94194800639361
-5.8647911976024
-5.73173693826174
-5.55237637562438
-5.37527614705295
-5.19139491628372
-4.97684645034965
-4.7739661954046
-4.54585572507493
-4.38066806793207
-4.20955467012987
-4.03196572067932
-3.81815033606394
-3.6194852987013
-3.57207937342657
-3.48808047232767
-3.64386025254745
-3.95279293826174
-4.28023592727273
-4.31640127232767
-3.88186732067932
-3.1666854041958
-2.40562481518482
-1.67504819100899
-1.00152972947053
-0.465280744855145
-0.0602533162837163
0.21550743976024
0.351310754045954
0.444228811188811
0.49939318041958
0.579115773826174
0.655783861738262
0.724143694705295
0.797940547452548
0.866850191408592
1.03625306613387
1.27798663096903
1.54598894305694
1.79786346613387
1.98883114965035
2.06928682437562
2.13379798041958
2.25805526393606
2.40680968151848
2.51102940899101
2.57089771668332
2.57248605954046
2.51157921998002
2.4369881958042
2.32079480679321
2.18694637602398
2.05780188371628
1.93653801558442
1.85803722437562
1.79694711448551
1.75931560679321
1.7562611012987
1.78698942657343
1.83244046833167
1.87935767272727
1.89560764195804
1.91142998041958
1.93213952767233
1.97514696503497
1.97978981338661
1.93879834965035
1.87007197602398
1.81026475844156
1.77580993646354
1.74758630569431
1.76664641998002
1.79645839360639
1.83909929030969
1.90037267052947
1.95510940899101
2.0249354045954
2.09549448151848
2.14461092987013
2.18346423976024
2.18438059140859
2.17026877602398
2.13080456503497
2.08382627052947
2.00599747052947
1.90483224855145
1.82462093426573
1.76285883316683
1.70586176063936
1.6679248023976
1.66603100899101
1.68246424855145
1.71368129470529
1.76902893426573
1.80983712767233
1.85932011668332
1.91411794525475
1.9347664023976
1.95040547052947
1.92994028371628
1.91081907932068
1.87880786173826
1.83488407272727
1.78314074965035
1.71765215184815
1.69010051228771
1.64269458701299
1.58166556723277
1.52851717162837
1.45355960679321
1.37835768151848
1.29741328591409
1.21402528591409
1.12715514965035
1.05079251228771
0.93258314965035
0.818833365034965
0.727625830969031
0.615158938661339
0.491207105694306
0.399999571628372
0.269511096903097
0.140733145254745
0.0220961518481518
-0.101611320679321
-0.206014318481518
-0.321046995404595
-0.416408656943057
-0.485318300899101
-0.54598078001998
-0.612202459140859
-0.674392191008991
-0.740002969030969
-0.800909808591409
-0.833104296503497
-0.89040681958042
-0.949603136063936
-0.994809817382617
-1.05431158441558
-1.09689139100899
-1.13385090749251
-1.18107356243756
-1.23019001078921
-1.2611626965035
-1.29470116683317
-1.30417013386613
-1.31382237122877
-1.34467287672328
-1.36104502617383
-1.36721512727273
-1.38322073606394
-1.38792467452547
-1.3871305030969
-1.39586638881119
-1.38328182617383
-1.37338522837163
-1.37527902177822
-1.35737961958042
-1.33001125034965
-1.31687687672328
-1.27692394485515
-1.24088078001998
-1.17233767672328
-1.1208998041958
-1.0745935008991
-0.999391575624376
-0.930848472327672
-0.863221720679321
-0.783010406393606
-0.70725867012987
-0.631384753646354
-0.546713861338661
-0.475788243756244
-0.376638995404595
-0.280299892107892
-0.209129914085914
-0.115662045954046
-0.0231716195804196
0.0326647408591409
0.0910668859140859
0.173110903496504
0.223082613386613
0.289487562837163
0.340375624375624
0.396761795804196
0.438852881518482
0.48803041998002
0.531404398001998
0.529205154045954
0.550342332067932
0.590173083716284
0.61607529030969
0.617419272727273
0.644787641958042
0.671117479320679
0.696592055144855
0.73239085954046
0.757071263936064
0.780713136463537
0.819383176023976
0.861046630969031
0.901610463936064
0.929834094705295
0.945839703496504
0.968565224375625
1.00106516283716
1.01676532107892
1.03619197602398
1.0558019012987
1.08011576503497
1.07443438481518
1.09838170789211
1.10204711448551
1.11212698261738
1.11957997602398
1.11811381338661
1.13259216943057
1.13784591888112
1.13271434965035
1.13699065734266
1.13973971228771
1.12306211228771
1.11267679360639
1.10950010789211
1.10840048591409
1.10449071888112
1.08927928151848
1.09948132987013
1.06020038921079
1.0305105958042
1.00595237162837
1.00558583096903
0.994711791408592
0.968076503496504
0.95506431008991
0.951154543056943
0.895562543056943
0.868194173826174
0.835572055144855
0.795374762837163
0.761897382617383
0.741615466133866
0.718828855144855
0.707649365034965
0.680586446353646
0.654317699100899
0.625177716683317
0.59383849030969
0.574350745254745
0.559139307892108
0.549914701298701
0.539529382617383
0.539529382617383
0.533603641958042
0.505502191408591
0.516864951848152
0.5159486001998
0.523707044155844
0.518208934265734
0.489007861738262
0.467198692507493
0.440135773826174
0.384299413386613
0.343796670529471
0.316061760639361
0.298528899100899
0.289670833166833
0.275009206793207
0.286616327672328
0.294374771628372
0.296879466133866
0.2991398001998
0.32143769030969
0.300544872727273
0.267678393606394
0.268411474925075
0.29364169030969
0.323392573826174
0.327974332067932
0.336771307892108
0.369149066133866
0.403359527672328
0.393157479320679
0.413561576023976
0.450582182617383
0.478500362837163
0.469886657342657
0.486503167232767
0.512405373826174
0.522485241958042
0.505441101298701
0.495361233166833
0.447405496903097
0.391080415584416
0.341047615584416
0.314595598001998
0.306653883716284
0.318016644155844
0.326508169430569
0.33255609030969
0.335671685914086
0.343185769430569
0.357969576023976
0.3602910001998
0.363345505694306
0.38802591008991
0.408124556243756
0.408491096903097
0.435370745254745
0.456874463936064
0.442823738661339
0.450032371628372
0.461334041958042
0.470497558441558
0.46585471008991
0.452475976023976
0.453453417782218
0.452964696903097
0.426573769430569
0.411179061738262
0.39358511008991
0.399510850749251
0.411056881518482
0.412950674925075
0.401404644155844
0.394501461738262
0.406719483716284
0.435737285914086
0.451376354045954
0.439341602397602
0.445633883716284
0.459134798001998
0.4659158001998
0.443251369430569
0.430850077122877
0.470375378221778
0.46573252987013
0.469031395804196
0.483998472727273
0.463472195804196
0.429078463936064
0.434759844155844
0.455286121078921
0.449971281518482
0.434210033166833
0.44936038041958
0.456752283716284
0.452659246353646
0.444106630969031
0.485953356243756
0.502692046353646
0.518331114485515
0.553274657342657
0.573862024375625
0.578871413386614
0.597564987012987
0.605689971628372
0.617907993606394
0.622489751848152
0.609721918881119
0.622978472727273
0.657983105694306
0.657555474925075
0.659937989210789
0.731535598001998
0.823659483716284
0.915111378221778
0.980905426573427
1.05806223536464
1.11768618261738
1.1904445034965
1.27676482877123
1.35184457382617
1.44647315404595
1.53969666173826
1.64049534305694
1.69792004635365
1.71936267492508
1.79810782657343
1.89346948811189
2.02218634965035
2.18315878921079
2.39721853426573
2.63950191008991
2.91355214305694
3.17837776943057
3.41925607272727
3.69367284635365
3.96472966393606
4.21208351888112
4.43469587932068
4.60183841998002
4.69500083756244
4.76714825734266
4.81119422657343
4.80129762877123
4.76739261778222
4.69561173866134
4.5995169958042
4.45766576063936
4.29473843756244
4.11391171228771
3.91622411668332
3.71627618701299
3.49861212547453
3.26989075404595
3.00268261338661
2.78941703976024
2.63015512327672
2.466005998002
2.33227974745255
2.21822451228771
2.10740705294705
2.00776908371628
1.91918842437562
1.82810307052947
1.74673104415584
1.6673139012987
1.57995504415584
1.47054265734266
1.36552875844156
1.28006369470529
1.19166630569431
1.14090042437562
1.1138985958042
1.08683567712288
1.05916185734266
1.04303406833167
1.02812808151848
1.02464594525475
1.02360741338661
1.03405382217782
1.0379024991009
1.03833012987013
1.05115905294705
1.07412893426573
1.07773325074925
1.09868715844156
1.09972569030969
1.10919465734266
1.12898785294705
1.13741828811189
1.13448596283716
1.13925099140859
1.14389383976024
1.14774251668332
1.1589830969031
1.16887969470529
1.16442011668332
1.15965508811189
1.15134683316683
1.12917112327672
1.11487603756244
1.09092871448551
1.09691554525475
1.09422758041958
1.07797761118881
1.05115905294705
1.03955193206793
1.02262997162837
0.991168565034965
0.974490965034965
0.94370154965035
0.921281479320679
0.906131132067932
0.905886771628372
0.933194050749251
0.954270138661339
0.997521936463537
1.02116380899101
1.10473507932068
1.16014380899101
1.18299151008991
1.20944352767233
1.23418502217782
1.25251205514486
1.27352705294705
1.28287383976024
1.28892176063936
1.27835317162837
1.28592834525475
1.2898992023976
1.29008247272727
1.31616794965035
1.30364447712288
1.28134658701299
1.26692932107892
1.24878555844156
1.2275262001998
1.22410515404595
1.20968788811189
1.19795858701299
1.18989469250749
1.19435427052947
1.17523306613387
1.14456583096903
1.11951888591409
1.10778958481518
1.09276141778222
1.07211296063936
1.07614490789211
1.06123892107892
1.03900212107892
1.00027099140859
0.969115035364636
0.941624485914086
0.906925303496504
0.859580468331668
0.846812635364635
0.826286358441559
0.824087114485515
0.812052362837163
0.809853118881119
0.802339035364635
0.779185883716284
0.761042121078921
0.750595712287712
0.724082604595405
0.699890921078921
0.691888116683317
0.694637171628372
0.687550718881119
0.670017857342657
0.635501945254745
0.589928723276723
0.534703263936064
0.498171378221778
0.478989083716284
0.462983474925075
0.461578402397602
0.468909215584416
0.470925189210789
0.44893274965035
0.417104802397602
0.403848248551449
0.39926649030969
0.394745822177822
0.38246671008991
0.350027861738262
0.345446103496504
0.345140652947053
0.343796670529471
0.351249663936064
0.344713022177822
0.360535360639361
0.403298437562438
0.390958235364635
0.394440371628372
0.385154674925075
0.380145285914086
0.395784354045954
0.414966648551449
0.443068099100899
0.494322701298701
0.52670045954046
0.551441954045954
0.567569743056943
0.596037734265734
0.626521699100899
0.644054560639361
0.661404151848152
0.67673776943057
0.700440732067932
0.709604248551449
0.702823246353646
0.703128696903097
0.719317576023976
0.729214173826174
0.714369277122877
0.684251852947053
0.683702041958042
0.681380617782218
0.694759351848152
0.700807272727273
0.703189787012987
0.716568521078921
0.723105162837163
0.738988591408592
0.757437804595405
0.785783615584416
0.784073092507493
0.786516696903097
0.788715940859141
0.79952889030969
0.803621927672328
0.804538279320679
0.812602173826174
0.807776055144855
0.812541083716284
0.802949936463537
0.790915184815185
0.781690578221778
0.783095650749251
0.79378641998002
0.80459936943057
0.822376591408592
0.82732489030969
0.843269408991009
0.846507184815185
0.855426340859141
0.858419756243756
0.84913405954046
0.848034437562438
0.851150033166833
0.838504380419581
0.8217046001998
0.800567422177822
0.786516696903097
0.775459387012987
0.777841901298701
0.773015782617383
0.768922745254745
0.765012978221778
0.737400248551449
0.722616441958042
0.705266850749251
0.706122112287712
0.694759351848152
0.689200151848152
0.681197347452548
0.676615589210789
0.667024441958042
0.656516943056943
0.65468423976024
0.645948354045954
0.633424881518482
0.622611932067932
0.594999202397603
0.585713505694306
0.579604494705295
0.559078217782218
0.557428784815185
0.536841417782218
0.518270024375624
0.501409154045954
0.481982499100899
0.45467521998002
0.446916776023976
0.444289901298701
0.433354771628372
0.417960063936064
0.414966648551449
0.407758015584416
0.390897145254745
0.380939457342657
0.363834226573427
0.362490244155844
0.359191378221778
0.353021277122877
0.352349285914086
0.360901901298701
0.353815448551449
0.347889707892108
0.346667905694306
0.337504389210789
0.336526947452548
0.318444274925075
0.3213766001998
0.31587849030969
0.313801426573427
0.319421716683317
0.317405743056943
0.304027008991009
0.311296732067932
0.301705584815185
0.317466833166833
0.306653883716284
0.305798622177822
0.300361602397602
0.309708389210789
0.330723387012987
0.346179184815185
0.348561699100899
0.347584257342657
0.356381233166833
0.364261857342657
0.3658502001998
0.358397206793207
0.369149066133866
0.370309778221778
0.374280635364635
0.38234452987013
0.382772160639361
0.389797523276723
0.379412204595405
0.37690751008991
0.380389646353646
0.385765576023976
0.377457321078921
0.369026885914086
0.371592670529471
0.370126507892108
0.379290024375624
0.373791914485515
0.372386841958042
0.377396230969031
0.381977989210789
0.37678532987013
0.37678532987013
0.383138701298701
0.366338921078921
0.351921655144855
0.347217716683317
0.34330794965035
0.343979940859141
0.332861540859141
0.326447079320679
0.317100292507493
0.310441470529471
0.313312705694306
0.303660468331668
0.288449030969031
0.298589989210789
0.305798622177822
0.304943360639361
0.302316485914086
0.302438666133866
0.308058956243756
0.30463791008991
0.316245030969031
0.314412327672328
0.298589989210789
0.292969699100899
0.293152969430569
0.291747896903097
0.297429277122877
0.291136995804196
0.291381356243756
0.285027984815185
0.267922754045954
0.275803378221778
0.257842885914086
0.259247958441558
0.242570358441558
0.234201013386613
0.231757408991009
0.214835448551449
0.216668151848152
0.208298806793207
0.217279052947053
0.223204793606394
0.231207598001998
0.228214182617383
0.211170041958042
0.203778138661339
0.190521584815185
0.187467079320679
0.183435132067932
0.161137241958042
0.144520732067932
0.123933365034965
0.137312099100899
0.139450252947053
0.142443668331668
0.126071518881119
0.154783870529471
0.1712782001998
0.17665412987013
0.182763140859141
0.159609989210789
0.142565848551449
0.121795211188811
0.0954042837162837
0.0708460595404595
0.0634541562437562
0.0691355364635365
0.0908836155844156
0.111654252947053
0.128148582617383
0.119962507892108
0.101940925474525
0.115258569430569
0.116480371628372
0.127537681518482
0.128820573826174
0.153684248551449
0.166574261738262
0.182824230969031
0.175737778221778
0.180747167232767
0.182579870529471
0.191987747452547
0.194553532067932
0.227420011188811
0.2602254001998
0.254177479320679
0.268961285914086
0.274459395804196
0.286982868331668
0.2880214001998
0.277819351848152
0.289731923276723
0.303904828771229
0.297429277122877
0.303049567232767
0.302621936463537
0.309769479320679
0.306409523276723
0.271710340859141
0.286677417782218
0.295046762837163
0.368538165034965
0.417532433166833
0.428223202397602
0.4214422001998
0.403848248551449
0.386437567232767
0.414050296903097
0.435737285914086
0.451498534265734
0.462616934265734
0.450887633166833
0.473918604595405
0.46011223976024
0.444839712287712
0.434148943056943
0.408430006793207
0.416127360639361
0.414722288111888
0.39358511008991
0.408063466133866
0.401526824375624
0.416310630969031
0.418082244155844
0.404275879320679
0.400060661738262
0.433171501298701
0.447161136463537
0.458401716683317
0.474957136463537
0.45461412987013
0.440380134265734
0.427490121078921
0.409285268331668
0.40452023976024
0.411789962837163
0.445145162837163
0.464266367232767
0.478805813386613
0.445878244155844
0.441907387012987
0.478317092507493
0.466282340859141
0.479599984815185
0.443923360639361
0.432988230969031
0.468053954045954
0.459562428771229
0.445206252947053
0.413561576023976
0.362551334265734
0.366216740859141
0.357480855144855
0.389003351848152
0.415333189210789
0.425962868331668
0.411240151848152
0.356381233166833
0.338359650749251
0.364200767232767
0.391508046353646
0.413867026573427
0.417043712287712
0.418937505694306
0.432988230969031
0.410812521078921
0.348317338661339
0.327791061738262
0.377518411188811
0.435004204595405
0.439708143056943
0.402382085914086
0.392607668331668
0.415455369430569
0.458890437562438
0.508801057342657
0.522424151848152
0.463716556243756
0.440991035364635
0.420464758441559
0.417715703496504
0.391263685914086
0.368110534265734
0.3436134001998
0.277941532067932
0.185634376023976
0.0885621914085914
-0.00233989210789211
-0.0809017734265734
-0.0827955668331669
-0.101794591008991
-0.135210881118881
-0.247372322877123
-0.36228281958042
-0.431070283316683
-0.497841773426573
-0.5792137998002
-0.688076375624376
-0.787775434965035
-0.88515307012987
-0.941539241558442
-0.990289149250749
-1.07160008551449
-1.16036401518482
-1.21943815144855
-1.25328207232767
-1.29958837562438
-1.33941912727273
-1.3710638041958
-1.45329109210789
-1.53203624375624
-1.61689040639361
-1.67987430969031
-1.7194607008991
-1.76753861738262
-1.80907989210789
-1.84011366793207
-1.87023109210789
-1.89026864815185
-1.91555995364635
-1.91953081078921
-1.94231742177822
-1.9418287008991
-1.96876943936064
-2.00212463936064
-2.02515561078921
-2.03248642397602
-2.03835107452548
-2.06083223496504
-2.09162165034965
-2.11178138661339
-2.14000501738262
-2.15839314045954
-2.1796524987013
-2.19871261298701
-2.18777748331668
-2.16743447672328
-2.12558775144855
-2.09461506573427
-2.08050325034965
-2.05215743936064
-2.01147142617383
-1.98556921958042
-1.98092637122877
-1.96327132947053
-1.93834656463537
-1.91238326793207
-1.88330437562438
-1.85880724155844
-1.80950752287712
-1.77181492507493
-1.71909416023976
-1.65531608551449
-1.58060288111888
-1.52012367232767
-1.44687663056943
-1.35884578221778
-1.29659496023976
-1.21131316683317
-1.13733304375624
-1.0480193030969
-0.972756287712288
-0.886252692107892
-0.824307320679321
-0.750571558041958
-0.682333905294705
-0.622954318481519
-0.553678133866134
-0.499613386613387
-0.444876648151848
-0.3957601998002
-0.351775320679321
-0.311700208591409
-0.272480358041958
-0.245173078921079
-0.21248987012987
-0.174736182217782
-0.142114063536464
-0.120427074525475
-0.0970906525474526
-0.0829177470529471
-0.0665455976023976
-0.0454084195804196
-0.0241490613386613
-0.00276752287712288
0.00725125514485514
0.0208743496503497
0.0352305254745255
0.0545960903096903
0.068891176023976
0.0863018573426573
0.0990086001998002
0.126315879320679
0.136273567232767
0.158693637562438
0.174088345254745
0.188688881518482
0.196264055144855
0.225465127672328
0.23786641998002
0.261508292507493
0.270488538661339
0.280812767232767
0.295840934265734
0.301400134265734
0.302194305694306
0.3046990001998
0.309647299100899
0.316061760639361
0.305309901298701
0.297307096903097
0.296818376023976
0.286738507892108
0.28252329030969
0.277758261738262
0.27122161998002
0.261508292507493
0.243120169430569
0.229802525474525
0.219111756243756
0.207810085914086
0.203839228771229
0.181113707892108
0.170422938661339
0.158388187012987
0.148613769430569
0.135845936463536
0.127048960639361
0.103956899100899
0.106217233166833
0.0925330485514486
0.0815979188811189
0.0770161606393606
0.0640650573426573
0.0638206969030969
0.0621712639360639
0.052213576023976
0.0467765562437562
0.0517859452547453
0.0495867012987013
0.0487314397602398
0.0531910177822178
0.0527022969030969
0.0568564243756244
0.057222965034965
0.0632708859140859
0.0649203188811189
0.0630265254745255
0.0667530221778222
0.0674250133866134
0.0632097958041958
0.0747558265734266
0.0779325122877123
0.0823310001998002
0.0852633254745255
0.0889898221778222
0.0932661298701299
0.101391114485514
0.111959703496503
0.112814965034965
0.1268046001998
0.131080907892108
0.141405136463536
0.136212477122877
0.15423405954046
0.155150411188811
0.167979334265734
0.166452081518482
0.166390991408591
0.170239668331668
0.172072371628372
0.182885321078921
0.187467079320679
0.18251878041958
0.197302587012987
0.191926657342657
0.191682296903097
0.203533778221778
0.197852398001998
0.197608037562438
0.19895201998002
0.195958604595405
0.206099562837163
0.202800696903097
0.209642789210789
0.210925681518482
0.214896538661339
0.2157518001998
0.222288441958042
0.215140899100899
0.217828863936064
0.218439765034965
0.214896538661339
0.220028107892108
0.21556852987013
0.213002745254745
0.212452934265734
0.217706683716284
0.213735826573427
0.213613646353646
0.219539387012987
0.218012134265734
0.22143318041958
0.216301611188811
0.208359896903097
0.219844837562438
0.213980187012987
0.216301611188811
0.202922877122877
0.209520608991009
0.200967993606394
0.191926657342657
0.189483052947053
0.185145655144855
0.181358068331668
0.176348679320679
0.174332705694306
0.165169189210789
0.149407940859141
0.149224670529471
0.141466226573427
0.139755703496504
0.125704978221778
0.124910806793207
0.11018809030969
0.109455008991009
0.0950377430569431
0.0899061738261738
0.0853855056943057
0.0820866397602398
0.0848967848151848
0.0671806529470529
0.0657755804195804
0.0535575584415584
0.0564898837162837
0.0498921518481519
0.0516026749250749
0.0500754221778222
0.041095176023976
0.0469598265734266
0.0465932859140859
0.0574062353646354
0.0586280375624376
0.0643094177822178
0.0673028331668332
0.0646148683316683
0.0764663496503497
0.0745725562437562
0.080559387012987
0.0935715804195804
0.0885011012987013
0.099436230969031
0.101452204595405
0.112692784815185
0.125216257342657
0.123444644155844
0.133646692507493
0.137128828771229
0.142077127672328
0.144704002397602
0.155516951848152
0.15991543976024
0.181602428771229
0.18227441998002
0.194675712287712
0.198524389210789
0.207871176023976
0.218439765034965
0.222471712287712
0.23212394965035
0.243914340859141
0.249595721078921
0.253749848551449
0.265234789210789
0.27684191008991
0.274948116683317
0.285883246353646
0.290526094705295
0.296757285914086
0.3046990001998
0.30451572987013
0.312396354045954
0.320215888111888
0.318138824375624
0.327852151848152
0.337626569430569
0.337443299100899
0.344957382617383
0.346973356243756
0.344468661738262
0.336893488111888
0.342941408991009
0.348683879320679
0.34355231008991
0.350088951848152
0.350883123276723
0.362856784815185
0.376540969430569
0.384971404595405
0.399694121078921
0.411606692507493
0.429750455144855
0.441357576023976
0.455774841958042
0.469275756243756
0.483570841958042
0.508006885914086
0.514971158441559
0.523768134265734
0.53225965954046
0.53775776943057
0.553091387012987
0.568913725474526
0.569707896903097
0.581009567232767
0.592127967232767
0.596037734265734
0.5993366001998
0.601108213386613
0.59897005954046
0.601719114485515
0.605751061738262
0.600619492507493
0.601596934265734
0.590967255144855
0.591150525474526
0.58241463976024
0.574411835364635
0.571784960639361
0.562865804595405
0.550159061738262
0.5381854001998
0.525661927672328
0.518086754045954
0.509534138661339
0.497438296903097
0.495239052947053
0.497193936463536
0.497865927672328
0.503119677122877
0.497865927672328
0.495483413386613
0.491390376023976
0.481249417782218
0.473552063936064
0.458035176023976
0.445206252947053
0.419059685914086
0.413622666133866
0.407269294705295
0.394073830969031
0.379106754045954
0.375930068331668
0.369943237562438
0.357480855144855
0.360474270529471
0.35992445954046
0.358641567232767
0.3547318001998
0.353143457342657
0.340681074925075
0.3436134001998
0.346667905694306
0.347645347452547
0.359802279320679
0.3825278001998
0.413133945254745
0.459440248551449
0.505074560639361
0.55461863976024
0.618152354045954
0.684374033166833
0.763180274925075
0.831051387012987
0.906558762837163
0.969359395804196
1.03148803756244
1.08219282877123
1.13961753206793
1.18067008591409
1.20370105734266
1.22783165074925
1.22923672327672
1.23296321998002
1.23015307492508
1.2052894001998
1.18067008591409
1.14383274965035
1.10772849470529
1.06343816503497
1.01364972547453
0.95518649030969
0.905642411188811
0.859763738661339
0.811074921078921
0.766967861738262
0.722982982617383
0.678570472727273
0.63232525954046
0.606606323276723
0.567019932067932
0.539834833166833
0.518086754045954
0.500492802397602
0.497438296903097
0.480577426573427
0.482898850749251
0.486930798001998
0.48796932987013
0.494994692507493
0.498293558441559
0.523707044155844
0.52688372987013
0.533542551848152
0.547104556243756
0.558345136463537
0.569830077122877
0.581681558441559
0.592922138661339
0.602207835364635
0.616197470529471
0.618824345254745
0.629820565034965
0.636112846353646
0.635379765034965
0.645398543056943
0.648025417782218
0.645337452947053
0.645154182617383
0.652301725474526
0.653523527672328
0.64918612987013
0.664947378221778
0.665375008991009
0.655478411188811
0.665191738661339
0.661770692507493
0.670323307892108
0.662442683716284
0.65468423976024
0.653340257342657
0.646925795804196
0.646498165034965
0.633791422177822
0.63250852987013
0.626399518881119
0.618579984815185
0.60495689030969
0.596648635364635
0.596404274925075
0.58785165954046
0.581742648551449
0.568425004595405
0.566897751848152
0.553335747452548
0.553335747452548
0.54331696943057
0.524134674925075
0.524623395804196
0.514604617782218
0.511550112287712
0.497193936463536
0.492795448551449
0.481066147452548
0.487052978221778
0.481493778221778
0.481738138661339
0.477461830969031
0.473002252947053
0.468420494705295
0.459379158441559
0.467748503496504
0.463960916683317
0.465060538661339
0.475629127672328
0.470008837562438
0.470008837562438
0.474712776023976
0.475690217782218
0.485708995804196
0.475751307892108
0.478683633166833
0.483326481518482
0.481554868331668
0.494933602397602
0.494505971628372
0.49914881998002
0.516437321078921
0.518453294705295
0.525112116683317
0.530060415584416
0.525112116683317
0.530854587012987
0.535436345254745
0.53775776943057
0.533786912287712
0.546493655144855
0.538674121078921
0.540934455144855
0.544233321078921
0.548204178221778
0.551686314485515
0.555718261738262
0.55461863976024
0.548631808991009
0.551075413386613
0.5548630001998
0.553274657342657
0.561338551848152
0.565187228771229
0.563537795804196
0.569707896903097
0.581253927672328
0.590539624375624
0.597626077122877
0.587424028771229
0.594571571628372
0.591150525474526
0.593288679320679
0.591028345254745
0.586568767232767
0.582842270529471
0.582964450749251
0.577588521078921
0.571846050749251
0.574839466133866
0.572334771628372
0.576488899100899
0.580215395804196
0.587057488111888
0.577283070529471
0.578443782617383
0.570135527672328
0.573251123276723
0.573373303496504
0.585346965034965
0.581498288111888
0.588645830969031
0.587362938661339
0.576549989210789
0.572945672727273
0.559322578221778
0.545332943056943
0.542950428771229
0.541117725474526
0.529510604595405
0.529388424375624
0.527555721078921
0.524440125474526
0.53225965954046
0.536841417782218
0.552419395804196
0.551441954045954
0.556268072727273
0.556817883716284
0.574045294705295
0.581498288111888
0.588768011188811
0.575633637562438
0.573312213386613
0.568119554045954
0.567569743056943
0.56011674965035
0.553946648551449
0.558772767232767
0.559322578221778
0.552480485914086
0.539529382617383
0.545760573826174
0.540262463936064
0.549487070529471
0.542339527672328
0.544294411188811
0.545638393606394
0.555718261738262
0.572701312287712
0.573678754045954
0.571051879320679
0.543011518881119
0.510694850749251
0.483570841958042
0.467626323276723
0.44887165954046
0.452964696903097
0.458462806793207
0.458646077122877
0.44936038041958
0.449665830969031
0.448444028771229
0.444289901298701
0.434393303496504
0.433171501298701
0.435676195804196
0.426329408991009
0.417226982617383
0.415027738661339
0.434271123276723
0.436348187012987
0.435309655144855
0.426268318881119
0.431583158441558
