1.07101333866134
1.0823760991009
1.07638926833167
1.07767216063936
1.06893627492508
1.07052461778222
1.05897858701299
1.06056692987013
1.05060924195804
1.04107918481518
1.04211771668332
1.04602748371628
1.04755473646354
1.04724928591409
1.04272861778222
1.04908198921079
1.02904443316683
1.01438280679321
0.99953791008991
0.998988099100899
0.997949567232767
0.994406340859141
0.992940178221778
0.973696793606394
0.967648872727273
0.964472187012987
0.943396099100899
0.926290868331668
0.909063457342657
0.903992978221778
0.892019316683317
0.883161250749251
0.878946033166833
0.880534376023976
0.896356714485515
0.902526815584416
0.9162110001998
0.891897136463537
0.889575712287712
0.862207343056943
0.803011026573427
0.812663263936064
0.842108696903097
0.868010903496504
0.86037463976024
0.86043572987013
0.840337083716284
0.839115281518482
0.819199905694306
0.819932987012987
0.807287334265734
0.822743132067932
0.789143571628372
0.802949936463537
0.769716916683317
0.801667044155844
0.744364521078921
0.837710208991009
0.267372943056943
-1.04606441958042
-2.13750032287712
-3.48386525474526
-3.95358710969031
-2.94236252067932
-1.09854082397602
0.0186751056943057
0.205122121078921
-0.285736911888112
-1.06274201958042
-1.40044814705295
-1.41003929430569
-1.52122329430569
-2.26560628331668
-3.29082050749251
-3.95682488551449
-4.64402753166833
-4.3014341954046
-3.69847481078921
-3.47916131628372
-3.30407706133866
-3.08231996243756
-2.63978320639361
-2.20695977782218
-2.03700709210789
-2.7287914965035
-1.9943661954046
-0.711351707492508
-0.348171004195804
-0.729739830569431
-2.03364713606394
-3.67923142617383
-5.09096277562438
-5.52354184375624
-5.027795601998
-4.09275038001998
-3.34390781298701
-2.73080747012987
-2.42963322837163
-2.24098696903097
-1.94952605474525
-1.54223829210789
-1.01979567232767
-0.196545351448551
0.764218806793207
0.981821778221778
1.10962228811189
1.34879006833167
1.35917538701299
1.23015307492508
1.25019063096903
1.34225342657343
1.41953241558442
1.39063679360639
1.36956070569431
1.31470178701299
1.33944328151848
1.20266252547453
1.28837194965035
0.216729241958042
-5.3261596987013
-10.0068228283716
-15.1090077162837
-20.091028358042
-23.9714110481519
-26.4514251492508
-26.7774019756244
-25.6483956547453
-22.7458823536464
-18.6493017646354
-13.1490537206793
-5.92362097342657
4.97882548811189
17.8274806705295
25.8261920287712
31.6163126441558
39.0153634837163
45.4438757474526
47.3828758353646
43.6078124947053
39.0715663848152
35.4640121254745
34.1993246705295
32.5443325034965
29.4011852595405
24.6720165826174
25.0307377078921
23.5867507804196
16.5359746573427
13.3201912727273
9.77641508811189
9.69156092547453
7.2054989034965
3.4530389034965
0.591517066133866
-0.995176358041958
-4.75453954045954
-9.83296037562438
-7.76762594045954
-6.4750813954046
-9.1866881030969
-13.9381546701299
-12.4182938261738
-12.3174951448551
-14.9794966833167
-12.0287221954046
-12.4444403932068
-11.9048314525475
-11.5947380547453
-9.92740568551449
-8.62930194045954
-6.89159376463537
-5.57797313166833
-5.16439308771229
-5.04948259100899
-4.50730786573427
-4.1061902041958
-3.65534519320679
-3.56065552287712
-3.27585343056943
-2.79379137342657
-2.73764956243756
-3.38086732947053
-3.87832409430569
-4.05353052947053
-4.06116679320679
-3.63805669210789
-2.80399342177822
-2.70863176023976
0.990496573826174
3.16933643316683
4.09295780459541
5.34842065294705
8.19888518041958
11.9825622265734
2.17918793206793
1.39894504855145
1.03460363316683
0.266456591408591
-1.07807563716284
-2.61168175584416
-4.15414594045954
-5.56184534265734
-7.11836025254745
-8.45525621738262
-9.28773114485515
-9.60191758001998
-9.48822888551449
-9.28217194485515
-8.48176932507493
-8.2886023976024
-9.15156128991009
-10.7253036107892
-10.4558962261738
-8.69485162837163
-7.55814795364635
-6.22345123276723
-5.76063256023976
-5.3458918041958
-5.23366927232767
-4.86089742177822
-4.35641529430569
-3.95175440639361
-3.68515716683317
-4.63541382617383
-2.10035753606394
0.13761754965035
0.301033593606394
-0.208274652547453
-0.438217826173826
-0.515924445954046
-0.535900911888112
-0.287569615184815
-0.147673263536464
0.156066762837163
0.297246006793207
0.396211984815185
0.0137268067932068
0.323392573826174
0.675943598001998
-0.738597896503497
-1.04649205034965
-0.52942536023976
-1.29421244595405
-1.01759642837163
-1.43832401518482
-1.41138327672328
-1.24979993606394
0.327363430969031
0.352776916683317
-0.116395127272727
-2.17391002837163
3.14215133426573
6.26214542657343
-0.342856164635365
-0.377372076723277
-1.85880724155844
-1.38609197122877
-1.06353619100899
-0.462165149250749
-1.44596027892108
-1.53429657782218
-2.03914524595405
-1.66777846793207
-1.13000223056943
-0.85747925034965
-1.13611124155844
-1.61163665694306
-2.18032448991009
-2.20182820859141
-2.46860871848152
-2.67906414705295
-2.80655920639361
-2.79867858221778
-2.74302549210789
-2.59451543496504
-2.21062518441558
-1.73894844595405
-1.5335634965035
-1.56270347892108
-1.73876517562438
-1.81683833606394
-1.98391978661339
-2.35461457342657
-2.64069955804196
-2.69427558441559
-2.14452568551449
-2.31374528991009
-2.36102903496504
-1.41596503496504
-0.543903716283716
-0.522461087712288
-0.619350001998002
-0.671704226173826
-0.709519004195804
-0.717155267932068
-0.802253791008991
-0.952718731668332
-0.91850827012987
-0.894683127272727
-0.848437914085914
-0.796572410789211
-0.810317685514486
-0.789669228371628
-0.648673254745255
-0.530158441558442
-0.425144542657343
-0.354218925074925
-0.333998098701299
-0.266493527272727
-0.172903478921079
-0.165511575624376
-0.166794467932068
-0.144618758041958
-0.108270142657343
-0.0179178701298701
0.014948608991009
0.0171478529470529
0.0602774705294705
0.158510367232767
0.170178578221778
0.0572840551448551
-0.104177105294705
-0.205464507492508
-0.165389395404595
-0.120488164635365
-0.0994120767232767
-0.0522505118881119
-0.0476076635364635
-0.0553050173826174
-0.0679506701298701
-0.0894543888111888
-0.0553661074925075
-0.00576093826173826
0.0180642045954046
0.0353527056943057
0.0147042485514485
-0.0204225646353646
-0.00942634485514486
-1.8467932067931E-05
-0.0108314173826174
0.00340257822177822
0.00334148811188811
-0.0201171140859141
0.0325425606393606
0.0298545958041958
0.0396290133866134
0.0726787628371628
0.0706627892107892
0.0533742881118881
0.0845302441558442
0.0935104903096903
0.0764663496503497
0.0987642397602398
0.0768939804195804
0.0587502177822178
0.071640230969031
0.0687079056943057
0.0368799584415584
0.0701129782217782
0.0907614353646354
0.13755645954046
0.195897514485515
0.229130534265734
0.294924582617383
0.336221496903097
0.350577672727273
0.388575721078921
0.419548406793207
0.408246736463536
0.365300389210789
0.37702969030969
0.384788134265734
0.392057857342657
0.405558771628372
0.411973233166833
0.467626323276723
0.47691201998002
0.574595105694306
0.596159914485515
0.588768011188811
0.587607299100899
0.584613883716284
0.592189057342657
0.601596934265734
0.60465143976024
0.583941892507493
0.580032125474526
0.630736916683317
0.807653874925075
0.958668626573427
1.05482445954046
0.987808608991009
0.713330745254745
0.515337699100899
0.419853857342657
0.28765485954046
0.0619269034965035
-0.0352063712287712
0.0963817254745255
0.180197356243756
0.136823378221778
0.231207598001998
0.583208811188811
0.588829101298701
0.45485849030969
0.198341118881119
0.138533901298701
1.12764387052947
2.26886821338661
2.85056823976024
2.8668792991009
2.81452507492508
2.72191246833167
2.65043703976024
2.58348227932068
2.48952569030969
2.42641960679321
2.27589357602398
2.05596918041958
1.99029731228771
2.01051813866134
2.01931511448551
1.94570153206793
1.68887871008991
1.07137987932068
0.534519993606394
0.142016037562438
-0.224524621778222
-0.531991144855145
-0.771647645954046
-1.33874713606394
-1.78720963276723
-1.66441851188811
-1.64548057782218
-1.65403319320679
-1.50259081078921
-1.33660898221778
-1.20831975144855
-0.969274151448551
-0.823146608591409
-0.691986142657343
-0.6125689998002
-0.453062722877123
-0.38500834045954
-0.320802634965035
-0.343772516283716
-0.368880551448551
-0.332104305294705
-0.38482507012987
-0.554350125074925
-0.661563267932068
-0.695162828371628
-0.715872375624376
-0.678973949250749
-0.692291593206793
-0.760773606393606
-0.835608991008991
-0.823329878921079
-0.677507786613387
-0.505172586613387
-0.285553641558442
-0.109919575624376
-0.0537777646353646
-0.0653848855144855
-0.088415856943057
-0.1400369998002
-0.214750204195804
-0.324101500899101
-0.437973465734266
-0.538039065734266
-0.635905421778222
-0.680867742657343
-0.664678863536464
-0.597907373426574
-0.574143320679321
-0.504256234965035
-0.418730081118881
-0.361305377822178
-0.337419144855145
-0.305285747052947
-0.306018828371628
-0.245295259140859
-0.170520964635365
-0.0999007976023976
-0.000751549250749259
0.0833695320679321
0.179586455144855
0.295168943056943
0.424435615584416
0.559872389210789
0.67123965954046
0.754077848551449
0.794947132067932
0.800628512287712
0.780163325474526
0.686939817782218
0.63238634965035
0.644726551848152
0.65480641998002
0.622245391408591
0.601169303496504
0.5715406001998
0.547593277122877
0.534581083716284
0.512649734265734
0.48803041998002
0.459867879320679
0.423091633166833
0.405680951848152
0.36548365954046
0.341169795804196
0.325897268331668
0.316000670529471
0.331823008991009
0.347034446353646
0.359069198001998
0.377579501298701
0.367499633166833
0.382711070529471
0.412706314485515
0.443129189210789
0.457912995804196
0.477828371628372
0.494628151848152
0.51588751008991
0.517842393606394
0.507212714485515
0.506540723276723
0.553091387012987
0.65480641998002
0.794458411188811
0.96056241998002
1.11658656063936
1.2059003012987
1.22807601118881
1.23455156283716
1.21127623096903
1.14279421778222
1.0200030969031
0.890247703496504
0.742898358441558
0.639656072727273
0.607889215584416
0.645215272727273
0.703434147452548
0.779246973826174
0.863612415584416
0.930078455144855
0.974307694705295
0.996788855144855
0.997766296903097
0.981577417782218
0.948466578221778
0.92183129030969
0.887009927672328
0.859275017782218
0.865445118881119
0.871920670529471
0.904298428771229
0.929101013386614
0.950726912287712
0.95481994965035
0.936920547452548
0.92152583976024
0.916882991408592
0.897273066133866
0.883222340859141
0.896173444155844
0.920242947452548
0.895134912287712
0.884199782617383
0.865750569430569
0.846385004595405
0.835205514485515
0.826530718881119
0.822743132067932
0.797451826573427
0.785722525474526
0.779552424375624
0.792503527672328
0.819932987012987
0.84375812987013
0.859885918881119
0.887071017782218
0.900877382617383
0.898739228771229
0.907780565034965
0.929101013386614
0.959157347452548
0.980905426573427
1.01022867932068
1.04602748371628
1.0829870001998
1.12892676283716
1.15641731228771
1.16985713646354
1.15537878041958
1.11359314525475
1.03857449030969
0.937287088111888
0.812846534265734
0.67673776943057
0.540140283716284
0.408063466133866
0.287043958441559
0.185695466133866
0.0983976991008991
0.0250895672327672
-0.041193201998002
-0.10655961958042
-0.166550107492508
-0.203204173426573
-0.2345433998002
-0.259223804195804
-0.248716305294705
-0.214994564635365
-0.174919452547453
-0.116944938261738
-0.05121198001998
0.0211798001998002
0.0930828595404595
0.167612793606394
0.230107976023976
0.278124802397602
0.336710217782218
0.374586085914086
0.40995725954046
0.426023958441558
0.450826543056943
0.472696802397602
0.485464635364635
0.503791668331668
0.513382815584416
0.511000301298701
0.523096143056943
0.535253074925075
0.547898727672328
0.561827272727273
0.566164670529471
0.588890191408591
0.614059316683317
0.63788445954046
0.659327088111888
0.691032855144855
0.701845804595405
0.747235756243756
0.7661126001998
0.784806173826174
0.820299527672328
0.843086138661339
0.869477066133866
0.892752398001998
0.915661189210789
0.940708134265734
0.96074569030969
0.969848116683317
0.970764468331668
0.97730111008991
0.983104670529471
0.994406340859141
1.00919014745255
1.02696736943057
1.0379024991009
1.03093822657343
1.04388932987013
1.01426062657343
1.00925123756244
0.978034191408591
0.940219413386614
0.907475114485515
0.872775932067932
0.846018463936064
0.7994678001998
0.762691554045954
0.723654973826174
0.681991518881119
0.648514138661339
0.605628881518482
0.579482314485515
0.557062244155844
0.528044441958042
0.495544503496504
0.462006033166833
0.448566208991009
0.426451589210789
0.418082244155844
0.397006156243756
0.388331360639361
0.377823861738262
0.373486463936064
0.384604863936064
0.364567307892108
0.358519387012987
0.34929478041958
0.354059808991009
0.35992445954046
0.373608644155844
0.391141505694306
0.430239176023976
0.448321848551449
0.469886657342657
0.49908772987013
0.530671316683317
0.546921285914086
0.591333795804196
0.609233198001998
0.63238634965035
0.6493694001998
0.657799835364635
0.669101505694306
0.669773496903097
0.66586372987013
0.663236855144855
0.651690824375624
0.637579008991009
0.626277338661339
0.610882630969031
0.59897005954046
0.582842270529471
0.569952257342657
0.555840441958042
0.534458903496504
0.524440125474526
0.516315140859141
0.494078340859141
0.482165769430569
0.481066147452548
0.474285145254745
0.44355681998002
0.428773013386613
0.40989616943057
0.384971404595405
0.377579501298701
0.357786305694306
0.338909461738262
0.321987501298701
0.28783812987013
0.241104195804196
0.210925681518482
0.170667299100899
0.142626938661339
0.112631694705295
0.0845913342657343
0.0555735320679321
0.036085787012987
0.00633490349650349
-0.0141913734265734
-0.0276922877122877
-0.0440033470529471
-0.039543769030969
-0.0238436107892108
-0.0155353558441558
0.00682362437562437
0.0167813122877123
0.0414006265734266
0.0621101738261738
0.0832473518481519
0.104812160639361
0.132547070529471
0.156799844155844
0.178547923276723
0.200296002397602
0.22650365954046
0.247213206793207
0.272626692507493
0.290037373826174
0.307692415584416
0.326080538661339
0.347156626573427
0.359191378221778
0.383932872727273
0.413256125474526
0.421625470529471
0.456324652947053
0.484242833166833
0.501348063936064
0.533542551848152
0.588706921078921
0.629026393606394
0.681441707892108
0.718095773826174
0.736178446353646
0.769839096903097
0.796840925474526
0.809486578221778
0.827569250749251
0.839848362837163
0.846201734265734
0.851027852947053
0.847667896903097
0.848217707892108
0.841375615584416
0.83257863976024
0.818589004595405
0.808692406793207
0.787799589210789
0.77161071008991
0.752733866133866
0.735078824375624
0.730863606793207
0.720539378221778
0.71595761998002
0.709726428771229
0.691521576023976
0.677898481518482
0.659388178221778
0.647597787012987
0.630920187012987
0.628843123276723
0.601413663936064
0.591089435364635
0.571784960639361
0.557795325474525
0.537696679320679
0.51026721998002
0.488824591408591
0.463777646353646
0.446366965034965
0.427184670529471
0.417165892507493
0.399999571628372
0.388758991408591
0.377701681518482
0.356747773826174
0.347645347452547
0.332800450749251
0.321926411188811
0.313434885914086
0.302805206793207
0.305676441958042
0.304882270529471
0.301216863936064
0.30463791008991
0.311602182617383
0.317344652947053
0.316611571628372
0.325408547452547
0.328524143056943
0.338787281518482
0.340497804595405
0.338726191408591
0.347462077122877
0.358336116683317
0.373058833166833
0.374708266133866
0.391630226573427
0.398533408991009
0.405131140859141
0.416493901298701
0.425718507892108
0.438852881518482
0.465304899100899
0.477645101298701
0.480333066133866
0.496644125474526
0.507884705694306
0.51026721998002
0.532870560639361
0.54936489030969
0.554313189210789
0.57123514965035
0.580887387012987
0.580154305694306
0.586813127672328
0.594388301298701
0.596465365034965
0.606484143056943
0.608927747452548
0.612470973826174
0.611126991408592
0.609172107892108
0.615403299100899
0.617113822177822
0.615464389210789
0.604223808991009
0.605689971628372
0.591272705694306
0.588523650749251
0.584919334265734
0.580765206793207
0.588462560639361
0.589562182617383
0.592861048551449
0.605995422177822
0.599764230969031
0.594388301298701
0.584674973826174
0.592677778221778
0.583330991408591
0.585285874925075
0.570013347452548
0.564942868331668
0.551014323276723
0.558161866133866
0.550769962837163
0.540812274925075
0.529449514485515
0.526211738661339
0.513321725474525
0.509900679320679
0.498354648551449
0.479661074925075
0.490962745254745
0.482898850749251
0.475262587012987
0.476301118881119
0.472757892507493
0.474834956243756
0.478744723276723
0.479172354045954
0.479477804595405
0.476606569430569
0.468053954045954
0.475812398001998
0.474285145254745
0.489496582617383
0.500004081518482
0.49920991008991
0.498293558441559
0.488519140859141
0.499515360639361
0.51026721998002
0.513260635364635
0.516681681518482
0.526272828771229
0.526028468331668
0.524073584815185
0.514665707892108
0.529327334265734
0.524684485914086
0.522179791408592
0.524623395804196
0.533420371628372
0.526150648551449
0.507151624375624
0.507212714485515
0.513504995804196
0.5159486001998
0.519247466133866
0.520652538661339
0.520957989210789
0.511305751848152
0.514665707892108
0.516742771628372
0.516742771628372
0.521874340859141
0.521752160639361
0.539529382617383
0.535680705694306
0.538490850749251
0.535802885914086
0.52162998041958
0.5381854001998
0.535008714485515
0.538735211188811
0.529082973826174
0.518880925474526
0.522240881518482
0.505502191408591
0.496888485914086
0.47678983976024
0.463899826573427
0.460723140859141
0.448016398001998
0.445145162837163
0.450948723276723
0.450826543056943
0.443068099100899
0.448321848551449
0.446489145254745
0.451559624375624
0.459684608991009
0.46585471008991
0.453636688111888
0.448138578221778
0.428650833166833
0.398044688111888
0.38240561998002
0.375441347452548
0.37110394965035
0.37678532987013
0.361085171628372
0.350088951848152
0.342330507892108
0.329379404595405
0.334022252947053
0.319604987012987
0.31587849030969
0.310808011188811
0.320215888111888
0.314045787012987
0.302438666133866
0.297917998001998
0.313007255144855
0.308242226573427
0.309097488111888
0.322476222177822
0.317344652947053
0.334938604595405
0.346362455144855
0.329868125474525
0.342880318881119
0.324736556243756
0.33261718041958
0.329135044155844
0.316917022177822
0.33793201998002
0.357114314485515
0.351921655144855
0.356869954045954
0.3769686001998
0.36554474965035
0.368721435364635
0.365300389210789
0.369149066133866
0.356931044155844
0.36560583976024
0.365239299100899
0.379473294705295
0.407330384815185
0.421686560639361
0.442701558441558
0.4659158001998
0.475629127672328
0.489007861738262
0.496583035364635
0.494444881518482
0.507518165034965
0.516987132067932
0.531526578221778
0.536230516683317
0.5270670001998
0.536597057342657
0.529999325474526
0.527800081518482
0.511244661738262
0.515459879320679
0.516803861738262
0.508739967232767
0.488641321078921
0.491329285914086
0.498354648551449
0.491940187012987
0.489313312287712
0.4825934001998
0.480333066133866
0.472941162837163
0.489007861738262
0.486625347452547
0.475445857342657
0.46017332987013
0.462983474925075
0.464205277122877
0.462067123276723
0.464571817782218
0.46585471008991
0.4659158001998
0.482898850749251
0.496033224375624
0.514238077122877
0.527494630969031
0.527861171628372
0.53806321998002
0.54350023976024
0.546615835364635
0.532137479320679
0.545699483716284
0.537269048551449
0.525478657342657
0.535619615584416
0.501409154045954
0.463960916683317
0.483631932067932
0.246357945254745
-0.343283795404595
-0.592897984415585
-0.909222573426574
-1.114118801998
-1.19958386573427
-1.28614855144855
-1.30343705254745
-1.26684407672328
-1.22237047672328
-1.12749753606394
-1.01380884155844
-0.861572287712288
-0.672559487712288
-0.463997852547453
-0.259407074525475
-0.0465691316683317
0.152462446353646
0.337443299100899
0.502692046353646
0.674538525474526
0.832028828771229
0.99935463976024
1.15372934745255
1.29869617822178
1.43046754525475
1.54085737382617
1.67336182217782
1.78497345294705
1.87410392327672
1.93965361118881
1.98510465294705
2.00074372107892
1.99878883756244
1.97007648591409
1.94050887272727
1.89188114525475
1.82504856503497
1.76127049030969
1.68185334745255
1.59614392327672
1.50658582217782
1.40132756283716
1.30437755844156
1.1886118001998
1.07974922437562
0.972230630969031
0.856770323276723
0.759453778221778
0.662992494705295
0.581009567232767
0.510878121078921
0.436959088111888
0.369271246353646
0.302011035364635
0.239271492507493
0.194492441958042
0.135235035364635
0.0881345606393606
0.0562455232767233
0.0234401342657343
-0.00496676683316684
-0.0274479272727273
-0.0408266613386613
-0.0611085778221778
-0.0643463536463537
-0.0736320503496504
-0.0809628635364635
-0.0625136503496504
-0.0752203932067932
-0.0875605954045954
-0.0874384151848152
-0.076747645954046
-0.0751593030969031
-0.0476687536463537
-0.0494403668331668
-0.0288529998001998
-0.0266537558441559
-0.0104648767232767
0.0137268067932068
0.0200190881118881
0.0550848111888112
0.0678526441558442
0.102490736463536
0.135173945254745
0.168223694705295
0.203472688111888
0.224915316683317
0.286921778221778
0.346301365034965
0.378129312287712
0.416799351848152
0.432071879320679
0.478133822177822
0.530182595804196
0.556268072727273
0.583269901298701
0.623100652947053
0.649858121078921
0.662503773826174
0.695309162837163
0.700257461738262
0.703800688111888
0.699829830969031
0.683457681518482
0.672461461738262
0.656211492507493
0.632203079320679
0.608866657342657
0.59383849030969
0.56573703976024
0.530488046353646
0.496949576023976
0.477217470529471
0.444473171628372
0.431216617782218
0.414783378221778
0.381916899100899
0.358213936463537
0.351432934265734
0.340375624375624
0.330967747452548
0.318138824375624
0.289304292507493
0.280812767232767
0.286433057342657
0.291259176023976
0.285027984815185
0.277636081518482
0.27696409030969
0.259675589210789
0.275131387012987
0.294130411188811
0.305981892507493
0.311418912287712
0.31545085954046
0.34892823976024
0.349478050749251
0.364322947452547
0.37702969030969
0.387292828771229
0.412706314485515
0.424007984815185
0.433782402397602
0.451742894705295
0.470253198001998
0.469886657342657
0.495055782617383
0.513504995804196
0.51576532987013
0.514665707892108
0.519552916683317
0.529754965034965
0.522240881518482
0.517720213386613
0.528899703496504
0.522912872727273
0.519736187012987
0.511733382617383
0.507701435364635
0.496644125474526
0.483387571628372
0.475323677122877
0.474590595804196
0.461456222177822
0.451865074925075
0.43787543976024
0.434210033166833
0.41576081998002
0.4047646001998
0.403726068331668
0.398227958441558
0.409346358441559
0.390713874925075
0.396578525474526
0.38222234965035
0.384177233166833
0.38222234965035
0.375013716683317
0.382833250749251
0.373547554045954
0.374158455144855
0.366766551848152
0.365239299100899
0.364017496903097
0.347095536463537
0.354181989210789
0.34343012987013
0.344957382617383
0.340009083716284
0.349355870529471
0.353571088111888
0.350455492507493
0.346484635364635
0.33774874965035
0.330784477122877
0.324003474925075
0.330417936463536
0.324125655144855
0.313618156243756
0.300178332067932
0.293152969430569
0.297490367232767
0.284905804595405
0.291381356243756
0.294130411188811
0.300178332067932
0.295718754045954
0.300483782617383
0.302438666133866
0.302988477122877
0.314229057342657
0.339459272727273
0.357725215584416
0.360840811188811
0.37147049030969
0.390347334265734
0.397250516683317
0.414050296903097
0.416371721078921
0.432927140859141
0.440380134265734
0.445878244155844
0.450582182617383
0.45999005954046
0.460845321078921
0.467320872727273
0.454980670529471
0.455163940859141
0.447466587012987
0.446305874925075
0.43793652987013
0.444717532067932
0.431949699100899
0.426268318881119
0.434515483716284
0.423091633166833
0.424130165034965
0.438730701298701
0.419120776023976
0.410812521078921
0.409835079320679
0.403359527672328
0.404275879320679
0.407635835364635
0.412523044155844
0.412278683716284
0.40470351008991
0.399694121078921
0.416677171628372
0.407819105694306
0.409529628771229
0.405497681518482
0.384482683716284
0.384788134265734
0.388697901298701
0.370493048551449
0.348561699100899
0.332739360639361
0.303599378221778
0.299445250749251
0.297246006793207
0.281973479320679
0.268839105694306
0.256682173826174
0.267739483716284
0.273054323276723
0.286677417782218
0.29321405954046
0.308058956243756
0.317039202397602
0.336282587012987
0.338909461738262
0.341414156243756
0.361573892507493
0.360657540859141
0.375258077122877
0.382772160639361
0.404275879320679
0.418570965034965
0.414722288111888
0.429261734265734
0.427734481518482
0.439158332067932
0.447649857342657
0.447955307892108
0.446061514485515
0.430666806793207
0.419914947452548
0.39370729030969
0.39327965954046
0.363650956243756
0.368721435364635
0.369210156243756
0.356686683716284
0.35442634965035
0.336404767232767
0.324247835364635
0.330051395804196
0.316672661738262
0.319910437562438
0.340192354045954
0.343063589210789
0.344163211188811
0.339642543056943
0.361207351848152
0.372997743056943
0.386315387012987
0.402870806793207
0.415088828771229
0.39914431008991
0.405986402397602
0.402992987012987
0.4270014001998
0.445817154045954
0.445511703496503
0.430422446353646
0.422297461738262
0.395234543056943
0.396456345254745
0.389308802397602
0.379900925474525
0.37128721998002
0.359741189210789
0.345323923276723
0.308730947452547
0.294680222177822
0.277330630969031
0.256987624375624
0.25448292987013
0.250756433166833
0.227542191408591
0.232918121078921
0.234689734265734
0.239760213386613
0.26590678041958
0.280629496903097
0.300728143056943
0.302255395804196
0.32705798041958
0.339947993606394
0.351555114485514
0.370431958441559
0.37128721998002
0.399327580419581
0.397555967232767
0.394379281518482
0.389797523276723
0.39908321998002
0.411667782617383
0.401587914485515
0.386559747452548
0.372142481518482
0.368843615584416
0.368171624375624
0.345873734265734
0.358030666133866
0.348500608991009
0.331700828771229
0.335060784815185
0.316611571628372
0.295352213386613
0.295779844155844
0.277636081518482
0.252833496903097
0.25472729030969
0.236216987012987
0.229741435364635
0.244647422177822
0.253933118881119
0.262058103496503
0.262669004595405
0.27146598041958
0.269022376023976
0.292114437562438
0.300361602397602
0.317894463936064
0.336160406793207
0.347767527672328
0.36572801998002
0.370248688111888
0.401221373826174
0.383810692507493
0.405131140859141
0.41044598041958
0.416982622177822
0.426573769430569
0.442090657342657
0.446794595804196
0.440380134265734
0.431216617782218
0.434087852947053
0.410568160639361
0.412584134265734
0.384604863936064
0.386254296903097
0.376540969430569
0.372936652947053
0.363895316683317
0.353632178221778
0.353204547452547
0.34367449030969
0.324247835364635
0.32143769030969
0.323026033166833
0.320032617782218
0.325713998001998
0.32663034965035
0.318932995804196
0.329623765034965
0.320704608991009
0.320704608991009
0.314534507892108
0.327913241958042
0.325897268331668
0.335060784815185
0.339153822177822
0.334266613386613
0.318932995804196
0.32675252987013
0.33261718041958
0.319055176023976
0.328646323276723
0.320276978221778
0.317222472727273
0.322415132067932
0.334388793606394
0.341780696903097
0.327546701298701
0.352043835364635
0.324980916683317
0.301461224375624
0.332922630969031
0.311663272727273
0.329745945254745
0.325225277122877
0.32656925954046
0.336588037562438
0.321559870529471
0.328463052947053
0.324431105694306
0.306348433166833
0.316855932067932
0.298651079320679
0.30989165954046
0.309586208991009
0.29339732987013
0.29926198041958
0.298528899100899
0.30463791008991
0.313557066133866
0.31019711008991
0.301033593606394
0.302805206793207
0.301705584815185
0.300605962837163
0.308975307892108
0.313007255144855
0.305309901298701
0.301033593606394
0.2991398001998
0.289426472727273
0.277147360639361
0.286616327672328
0.278369162837163
0.272015791408591
0.276108828771229
0.264257347452547
0.273359773826174
0.284172723276723
0.284172723276723
0.287532679320679
0.296757285914086
0.307325874925075
0.302438666133866
0.302377576023976
0.300789233166833
0.305004450749251
0.323698024375624
0.368171624375624
0.403176257342657
0.469153576023976
0.580337576023976
0.725487677122877
0.896417804595405
1.1157312991009
1.39167532547453
1.51116758041958
1.43358314085914
1.32887469250749
1.19380445954046
1.0601392991009
0.950421461738262
0.833189540859141
0.728725452947053
0.646375984815185
0.568302824375624
0.51014503976024
0.481432688111888
0.467565233166833
0.456263562837163
0.444228811188811
0.434087852947053
0.418448784815185
0.403115167232767
0.384116143056943
0.377762771628372
0.357786305694306
0.347278806793207
0.33811529030969
0.319788257342657
0.307997866133866
0.313618156243756
0.306104072727273
0.297001646353646
0.308730947452547
0.314839958441558
0.317589013386613
0.312701804595405
0.299811791408591
0.289976283716284
0.266762041958042
0.255765822177822
0.242203817782218
0.222838252947053
0.211842033166833
0.195958604595405
0.179097734265734
0.161931413386613
0.152095905694306
0.139877883716284
0.130286736463536
0.116358191408591
0.107622305694306
0.0952821034965035
0.0819644595404595
0.0760387188811189
0.0713958705294705
0.0582614969030969
0.0585669474525475
0.0541684595404595
0.0552680815184815
0.049953241958042
0.0546571804195804
0.0459212947052947
0.045554754045954
0.0403620947052947
0.0364523276723277
0.0311374881118881
0.0270444507492507
0.0145820683316683
0.00896177822177822
0.00120333426573427
-0.0130917514485515
-0.0268370261738262
-0.0290973602397602
-0.0486461954045954
-0.055060656943057
-0.0667288679320679
-0.0766254657342657
-0.0875605954045954
-0.100572788811189
-0.100939329470529
-0.107537061338661
-0.120915795404595
-0.132522916283716
-0.13478325034965
-0.138509747052947
-0.143763496503497
-0.144435487712288
-0.161723988811189
-0.155126256943057
-0.146879092107892
-0.158669483316683
-0.137654485514486
-0.130384762437562
-0.120610344855145
-0.108392322877123
-0.0827955668331669
-0.0660568767232767
-0.0490127360639361
-0.0163295272727273
0.000286982617382608
0.0224016023976024
0.0476929078921079
0.0709071496503497
0.0943657518481519
0.118435255144855
0.139022622177822
0.165108099100899
0.180747167232767
0.209398428771229
0.222654982617383
0.245563773826174
0.263035545254745
0.274520485914086
0.296085294705295
0.31587849030969
0.33218954965035
0.345140652947053
0.366277830969031
0.374647176023976
0.394501461738262
0.402870806793207
0.411240151848152
0.427184670529471
0.424435615584416
0.43799761998002
0.445328433166833
0.451681804595405
0.461578402397602
0.447405496903097
0.458890437562438
0.453209057342657
0.449971281518482
0.44905492987013
0.440380134265734
0.427917751848152
0.418021154045954
0.410751430969031
0.402259905694306
0.389797523276723
0.36566692987013
0.355648151848152
0.339520362837163
0.324064565034965
0.314290147452547
0.309341848551449
0.291014815584416
0.2880214001998
0.268533655144855
0.261447202397602
0.251367334265734
0.247091026573427
0.235117365034965
0.22656474965035
0.213552556243756
0.209031888111888
0.19363718041958
0.183740582617383
0.172255641958042
0.165902270529471
0.162664494705295
0.149346850749251
0.140855325474526
0.128270762837163
0.133891052947053
0.136579017782218
0.125277347452547
0.121673030969031
0.131080907892108
0.128454033166833
0.129675835364635
0.133768872727273
0.140733145254745
0.14323783976024
0.158632547452547
0.166635351848152
0.180747167232767
0.19320954965035
0.202678516683317
0.220089198001998
0.229680345254745
0.240615474925075
0.258881417782218
0.2657846001998
0.279224424375624
0.292114437562438
0.307386965034965
0.309830569430569
0.313618156243756
0.317283562837163
0.328585233166833
0.330234666133866
0.340925435364635
0.330112485914086
0.337260028771229
0.330356846353646
0.334510973826174
0.331517558441559
0.330295756243756
0.327180160639361
0.322720582617383
0.320643518881119
0.315389769430569
0.310441470529471
0.305309901298701
0.292358798001998
0.291625716683317
0.289365382617383
0.281179307892108
0.269266736463536
0.263279905694306
0.261813743056943
0.2491070001998
0.242081637562438
0.236888978221778
0.224182235364635
0.211170041958042
0.208237716683317
0.200784723276723
0.189299782617383
0.180441716683317
0.172622182617383
0.16547463976024
0.164130657342657
0.151423914485515
0.146353435364635
0.13755645954046
0.126071518881119
0.1268046001998
0.123261373826174
0.120023598001998
0.113364776023976
0.11538074965035
0.10468998041958
0.113548046353646
0.12668241998002
0.117091272727273
0.121611940859141
0.127232230969031
0.132669250749251
0.146597795804196
0.150079932067932
0.167796063936064
0.17659303976024
0.182579870529471
0.201517804595405
0.21587398041958
0.225098587012987
0.231329778221778
0.245136143056943
0.250145532067932
0.256621083716284
0.275253567232767
0.278857883716284
0.288449030969031
0.289304292507493
0.292480978221778
0.307814595804196
0.309708389210789
0.31007492987013
0.314717778221778
0.324980916683317
0.319910437562438
0.315206499100899
0.327363430969031
0.328768503496504
0.32675252987013
0.328951773826174
0.329073954045954
0.313495976023976
0.316794841958042
0.316978112287712
0.320093707892108
0.303904828771229
0.30433245954046
0.296390745254745
0.286127606793207
0.280140776023976
0.270549628771229
0.262974455144855
0.257537435364635
0.248312828771229
0.240737655144855
0.233895562837163
0.231390868331668
0.216423791408591
0.220272468331668
0.20445012987013
0.200540362837163
0.199562921078921
0.195286613386613
0.197119316683317
0.189421962837163
0.190032863936064
0.182640960639361
0.186672907892108
0.1879558001998
0.183862762837163
0.189971773826174
0.193759360639361
0.197852398001998
0.20445012987013
0.196202965034965
0.203411598001998
0.203411598001998
0.208543167232767
0.213552556243756
0.21031478041958
0.211597672727273
0.210742411188811
0.216668151848152
0.224609866133866
0.227908732067932
0.23811078041958
0.235178455144855
0.231940679320679
0.246357945254745
0.251611694705295
0.251794965034965
0.257170894705295
0.25985885954046
0.2657846001998
0.269694367232767
0.277574991408591
0.283684002397602
0.290770455144855
0.302560846353646
0.292419888111888
0.301277954045954
0.310991281518482
0.306165162837163
0.313068345254745
0.312762894705295
0.311296732067932
0.310991281518482
0.31019711008991
0.312640714485515
0.318566455144855
0.305615351848152
0.304027008991009
0.305737532067932
0.302988477122877
0.302683026573427
0.299445250749251
0.294802402397602
0.291136995804196
0.279163334265734
0.278491343056943
0.268106024375624
0.269327826573427
0.266884222177822
0.260530850749251
0.257598525474526
0.254849470529471
0.249473540859141
0.235606085914086
0.228397452947053
0.231024327672328
0.226320389210789
0.220333558441558
0.219417206793207
0.213186015584416
0.213552556243756
0.211842033166833
0.208420987012987
0.201395624375624
0.208054446353646
0.205244301298701
0.197852398001998
0.196141874925075
0.203228327672328
0.20451121998002
0.203778138661339
0.200845813386613
0.203472688111888
0.19876874965035
0.194797892507493
0.199990551848152
0.199746191408591
0.19895201998002
0.197180406793207
0.198341118881119
0.201578894705295
0.205977382617383
0.209154068331668
0.213491466133866
0.212208573826174
0.226198208991009
0.227969822177822
0.235056274925075
0.240493294705295
0.248435008991009
0.260530850749251
0.269205646353646
0.277513901298701
0.290403914485515
0.291259176023976
0.294741312287712
0.29901761998002
0.305370991408591
0.310808011188811
0.322231861738262
0.314901048551449
0.329012863936064
0.334388793606394
0.330906657342657
0.333838982617383
0.333166991408591
0.337321118881119
0.334877514485515
0.332067369430569
0.327546701298701
0.337626569430569
0.331089927672328
0.319299536463536
0.32663034965035
0.311296732067932
0.311846543056943
0.3102582001998
0.297307096903097
0.29333623976024
0.286310877122877
0.282767650749251
0.273909584815185
0.263340995804196
0.256559993606394
0.241776187012987
0.241226376023976
0.219905927672328
0.228825083716284
0.216362701298701
0.21031478041958
0.198646569430569
0.196019694705295
0.188261250749251
0.183618402397602
0.177387211188811
0.178242472727273
0.172561092507493
0.169140046353646
0.166268811188811
0.16009871008991
0.163458666133866
0.166574261738262
0.166024450749251
