0.518942015584416
0.519858367232767
0.51576532987013
0.521996521078921
0.523890314485514
0.528716433166833
0.522851782617383
0.525295387012987
0.519614006793207
0.52682263976024
0.522485241958042
0.529510604595405
0.521935430969031
0.523340503496504
0.533542551848152
0.534153452947053
0.528472072727273
0.533481461738262
0.537146868331668
0.52694481998002
0.530121505694306
0.528227712287712
0.533237101298701
0.532137479320679
0.534092362837163
0.532137479320679
0.527189180419581
0.532137479320679
0.537269048551449
0.537330138661339
0.531404398001998
0.538551940859141
0.535863976023976
0.533664732067932
0.534947624375624
0.536230516683317
0.533176011188811
0.540018103496504
0.537513408991009
0.542889338661339
0.536352696903097
0.533114921078921
0.541972987012987
0.5326262001998
0.533603641958042
0.535436345254745
0.543133699100899
0.532809470529471
0.536902507892108
0.536474877122877
0.531037857342657
0.542461707892108
0.535741795804196
0.529327334265734
0.537574499100899
0.537024688111888
0.540323554045954
0.534214543056943
0.532076389210789
0.531098947452547
0.53225965954046
0.539651562837163
0.536535967232767
0.539346112287712
0.540323554045954
0.528410982617383
0.527250270529471
0.539407202397602
0.535314165034965
0.52688372987013
0.530488046353646
0.533053830969031
0.532870560639361
0.528410982617383
0.529388424375624
0.525967378221778
0.530121505694306
0.525906288111888
0.528594252947053
0.524501215584416
0.524501215584416
0.530243685914086
0.528288802397602
0.525539747452548
0.523768134265734
0.523340503496504
0.523401593606394
0.525906288111888
0.522485241958042
0.529266244155844
0.519675096903097
0.520102727672328
0.519369646353646
0.524501215584416
0.516498411188811
0.517231492507493
0.524501215584416
0.517536943056943
0.516742771628372
0.516131870529471
0.520591448551449
0.51588751008991
0.512649734265734
0.507212714485515
0.509656318881119
0.511366841958042
0.503730578221778
0.508678877122877
0.505746551848152
0.498171378221778
0.512771914485515
0.507029444155844
0.505990912287712
0.497682657342657
0.496155404595405
0.502081145254745
0.497988107892108
0.497988107892108
0.495422323276723
0.502753136463536
0.491084925474526
0.489802033166833
0.496399765034965
0.494933602397602
0.489802033166833
0.488763501298701
0.485220274925075
0.483082121078921
0.482043589210789
0.477584011188811
0.485098094705295
0.483937382617383
0.485281365034965
0.479111263936064
0.479172354045954
0.467931773826174
0.477950551848152
0.472818982617383
0.478805813386613
0.472085901298701
0.471963721078921
0.47697311008991
0.466587791408591
0.464632907892108
0.469642296903097
0.470008837562438
0.467320872727273
0.470680828771229
0.468848125474525
0.470314288111888
0.457912995804196
0.459745699100899
0.4547974001998
0.461028591408591
0.455041760639361
0.458096266133866
0.45485849030969
0.450704362837163
0.448077488111888
0.451865074925075
0.448382938661339
0.450337822177822
0.449421470529471
0.453881048551449
0.448138578221778
0.439463782617383
0.440868855144855
0.440929945254745
0.445084072727273
0.440380134265734
0.441601936463537
0.433721312287712
0.429872635364635
0.436653637562438
0.433660222177822
0.437142358441558
0.429750455144855
0.434393303496504
0.433110411188811
0.431033347452548
0.433110411188811
0.428345382617383
0.423213813386613
0.422786182617383
0.423580354045954
0.423091633166833
0.420464758441559
0.413195035364635
0.411851052947053
0.416982622177822
0.406658393606394
0.405864222177822
0.412828494705295
0.409040907892108
0.408368916683317
0.407758015584416
0.402259905694306
0.402382085914086
0.404214789210789
0.402687536463537
0.401038103496503
0.397433787012987
0.396517435364635
0.398105778221778
0.397311606793207
0.384910314485514
0.387292828771229
0.381244907892108
0.379106754045954
0.383199791408591
0.388820081518482
0.376479879320679
0.381244907892108
0.377640591408591
0.374097365034965
0.371653760639361
0.376113338661339
0.373425373826174
0.368477074925075
0.369943237562438
0.368660345254745
0.368782525474526
0.368904705694306
0.366216740859141
0.363834226573427
0.364628398001998
0.36041318041958
0.351188573826174
0.356014692507493
0.350822033166833
0.354059808991009
0.350699852947053
0.347034446353646
0.342941408991009
0.346851176023976
0.347767527672328
0.34355231008991
0.339886903496504
0.333900072727273
0.340131263936064
0.336465857342657
0.336710217782218
0.335977136463536
0.331028837562438
0.326324899100899
0.328646323276723
0.333166991408591
0.326385989210789
0.320338068331668
0.320704608991009
0.316367211188811
0.319116266133866
0.316000670529471
0.319055176023976
0.307753505694306
0.31587849030969
0.309769479320679
0.306104072727273
0.307875685914086
0.305798622177822
0.297184916683317
0.309341848551449
0.297001646353646
0.29883434965035
0.300178332067932
0.296329655144855
0.297673637562438
0.290831545254745
0.298712169430569
0.289670833166833
0.279774235364635
0.28771594965035
0.282950921078921
0.282706560639361
0.287227228771229
0.278857883716284
0.277758261738262
0.275803378221778
0.27671972987013
0.275864468331668
0.276414279320679
0.267922754045954
0.269083466133866
0.26560132987013
0.273787404595405
0.27109943976024
0.260836301298701
0.268716925474526
0.262913365034965
0.257048714485514
0.249412450749251
0.249656811188811
0.256376723276723
0.248618279320679
0.253016767232767
0.252222595804196
0.252528046353646
0.241348556243756
0.240982015584416
0.244341971628372
0.241165285914086
0.238538411188811
0.233223571628372
0.234384283716284
0.233712292507493
0.234506463936064
0.235117365034965
0.222288441958042
0.22699238041958
0.230230156243756
0.226076028771229
0.226259299100899
0.212697294705295
0.222654982617383
0.222654982617383
0.221677540859141
0.215140899100899
0.215996160639361
0.211231132067932
0.213552556243756
0.219050666133866
0.207077004595405
0.20432794965035
0.203594868331668
0.202739606793207
0.206588283716284
0.196019694705295
0.0523357562437562
-0.403885184415584
-1.07245534705295
-1.59520341738262
-1.79869457342657
-1.82111464375624
-1.65488845474525
-1.24039205914086
-0.453612533866134
0.440563404595405
1.00460838921079
1.15886091668332
1.10003114085914
0.908391466133866
0.601474754045954
0.222899343056943
-0.197278432767233
-0.595341588811189
-0.849293175624376
-0.867375848151848
-0.606032358041958
-0.189642169030969
0.278918973826174
0.628048951848152
0.762019562837163
0.698913479320679
0.495300143056943
0.271771430969031
0.0881345606393606
0.00743452547452547
0.00040916283716283
0.0398733738261738
0.12100103976024
0.224548776023976
0.322292951848152
0.41038489030969
0.401282463936064
0.314473417782218
0.163947387012987
-0.0243934217782218
-0.157875311888112
-0.260751056943057
-0.29037976023976
-0.252259531668332
-0.18444950969031
-0.107781421778222
-0.0268981162837163
0.0563066133866134
0.135235035364635
0.188505611188811
0.214957628771229
0.21538525954046
0.179403184815185
0.181968969430569
0.183801672727273
0.201456714485514
0.210681321078921
0.211353312287712
0.198218938661339
0.186978358441558
0.168284784815185
0.147575237562438
0.113059325474525
0.0930217694305694
0.082758630969031
0.0814757386613387
0.0916166969030969
0.108538657342657
0.144642912287712
0.169323316683317
0.177203940859141
0.178792283716284
0.167185162837163
0.148552679320679
0.123444644155844
0.10450671008991
0.0784212331668332
0.0613770925074925
0.0512972243756244
0.0628432551448551
0.0652868595404595
0.0610105518481519
0.0745725562437562
0.0753056375624376
0.0735340243756244
0.0715791408591409
0.0726176727272727
0.0719456815184815
0.0702962485514486
0.0863018573426573
0.105239791408591
0.112998235364635
0.123811184815185
0.138411721078921
0.135540485914086
0.131325268331668
0.130836547452547
0.119168336463536
0.111348802397602
0.0983976991008991
0.0987031496503497
0.109699369430569
0.108233206793207
0.111532072727273
0.0913112463536464
0.0938159408591409
0.0999249518481519
0.100719123276723
0.105423061738262
0.096687176023976
0.0715180507492508
0.0663864815184815
0.0636985166833167
0.0519692155844156
0.0489147100899101
0.042194798001998
0.0501976023976024
0.0523968463536464
0.0676693738261738
0.0735951144855145
0.0774437914085914
0.0833695320679321
0.0842247936063936
0.0894785430569431
0.093877030969031
0.0885621914085914
0.114097857342657
0.127537681518482
0.139511343056943
0.125399527672328
0.112753874925075
0.113303685914086
0.0871571188811189
0.0695631672327672
0.0636374265734266
0.0731674837162837
0.102124195804196
0.127110050749251
0.145681444155844
0.166085540859141
0.178364652947053
0.174088345254745
0.160526340859141
0.136334657342657
0.118251984815185
0.122894833166833
0.122100661738262
0.101391114485514
0.101818745254745
0.114892028771229
0.122528292507493
0.120206868331668
0.137434279320679
0.144215281518482
0.151851545254745
0.144581822177822
0.150690833166833
0.155639132067932
0.150568652947053
0.146597795804196
0.139877883716284
0.136517927672328
0.159671079320679
0.167490613386613
0.150507562837163
0.148186138661339
0.166879712287712
0.161259422177822
0.155455861738262
0.145131633166833
0.15423405954046
0.168345874925075
0.177692661738262
0.17659303976024
0.178120292507493
0.175371237562438
0.178486833166833
0.180686077122877
0.170422938661339
0.169812037562438
0.190277224375624
0.202311976023976
0.202983967232767
0.192354288111888
0.192415378221778
0.194797892507493
0.191560116683317
0.191254666133866
0.191926657342657
0.210375870529471
0.217889954045954
0.228519633166833
0.236278077122877
0.253261127672328
0.261508292507493
0.256987624375624
0.247946288111888
0.241959457342657
0.244280881518482
0.264135167232767
0.270671808991009
0.284966894705295
0.304943360639361
0.318261004595405
0.344896292507493
0.349539140859141
0.33774874965035
0.327424521078921
0.323148213386613
0.305187721078921
0.291198085914086
0.282950921078921
0.301522314485514
0.309586208991009
0.329012863936064
0.334694244155844
0.350455492507493
0.373486463936064
0.38228343976024
0.381977989210789
0.364628398001998
0.357847395804196
0.345507193606394
0.331151017782218
0.316367211188811
0.312457444155844
0.32699689030969
0.343063589210789
0.364567307892108
0.37702969030969
0.396456345254745
0.398655589210789
0.402382085914086
0.396395255144855
0.367316362837163
0.356503413386613
0.359496828771229
0.360962991408591
0.362429154045954
0.378312582617383
0.391569136463537
0.413011765034965
0.415333189210789
0.411789962837163
0.405864222177822
0.405742041958042
0.402809716683317
0.39896103976024
0.402748626573427
0.406963844155844
0.415211008991009
0.425657417782218
0.426573769430569
0.417898973826174
0.420220398001998
0.417776793606394
0.430055905694306
0.436470367232767
0.440441224375624
0.435737285914086
0.439524872727273
0.439708143056943
0.441846296903097
0.447710947452547
0.43219405954046
0.420831299100899
0.419792767232767
0.427673391408591
0.420281488111888
0.420953479320679
0.435248565034965
0.436164916683317
0.446977866133866
0.454186499100899
0.456080292507493
0.456996644155844
0.449849101298701
0.448505118881119
0.443068099100899
0.436103826573427
0.439830323276723
0.433293681518482
0.440074683716284
0.454308679320679
0.457363184815185
0.474529505694306
0.469459026573427
0.466282340859141
0.469397936463537
0.466648881518482
0.470069927672328
0.463960916683317
0.447161136463537
0.436959088111888
0.438547430969031
0.436348187012987
0.446122604595405
0.459440248551449
0.458707167232767
0.463533285914086
0.459623518881119
0.462922384815185
0.463350015584416
0.481310507892108
0.491207105694306
0.48772496943057
0.481188327672328
0.483021030969031
0.473124433166833
0.480699606793207
0.491818006793207
0.48234903976024
0.492551088111888
0.498660099100899
0.4937118001998
0.501348063936064
0.505257830969031
0.509411958441559
0.514299167232767
0.519736187012987
0.526333918881119
0.522240881518482
0.517231492507493
0.522790692507493
0.523096143056943
0.526333918881119
0.531404398001998
0.535191984815185
0.548570718881119
0.557306604595405
0.546554745254745
0.544050050749251
0.537085778221778
0.551258683716284
0.559078217782218
0.56011674965035
0.566836661738262
0.574289655144855
0.5715406001998
0.570563158441558
0.561277461738262
0.55467972987013
0.561338551848152
0.574961646353646
0.586202226573427
0.590600714485515
0.582170279320679
0.582964450749251
0.591211615584416
0.612409883716284
0.622856292507493
0.616808371628372
0.613631685914086
0.611860072727273
0.614792398001998
0.629759474925075
0.637701189210789
0.642771668331668
0.659510358441559
0.654317699100899
0.645276362837163
0.640450244155844
0.63794554965035
0.636907017782218
0.647170156243756
0.642771668331668
0.630981277122877
0.634891044155844
0.639411712287712
0.656089312287712
0.667390982617383
0.660732160639361
0.656761303496504
0.657188934265734
0.674110894705295
0.696530965034965
0.700685092507493
0.697080776023976
0.690483044155844
0.695553523276723
0.688711430969031
0.698913479320679
0.703434147452548
0.711742402397602
0.717179422177822
0.730008345254745
0.733673751848152
0.741554376023976
0.74925172987013
0.748152107892108
0.753344767232767
0.746502674925075
0.739355132067932
0.734467923276723
0.742959448551449
0.759392688111888
0.778574982617383
0.780468776023976
0.775703747452548
0.771916160639361
0.763180274925075
0.751389883716284
0.765318428771229
0.77136634965035
0.77692554965035
0.784745083716284
0.783217830969031
0.796840925474526
0.791587176023976
0.799834340859141
0.809486578221778
0.809181127672328
0.820177347452548
0.812846534265734
0.808570226573427
0.810952740859141
0.806432072727273
0.803255387012987
0.802277945254745
0.814740327672328
0.828974323276723
0.850050411188811
0.870210147452548
0.873631193606394
0.874364274925075
0.870882138661339
0.862329523276723
0.844613391408591
0.842169787012987
0.839298551848152
0.850416951848152
0.884993954045954
0.918288063936064
0.933438411188811
0.935332204595405
0.909429998001998
0.883466701298701
0.862024072727273
0.850233681518482
0.84363594965035
0.843391589210789
0.825186736463537
0.829401954045954
0.870393417782218
0.92708503976024
0.964227826573427
0.967404512287712
0.956897013386613
0.930628266133866
0.910957250749251
0.892874578221778
0.88291689030969
0.897089795804196
0.910957250749251
0.914317206793207
0.918898965034965
0.944617901298701
0.969359395804196
0.966610340859141
0.947916767232767
0.925924327672328
0.925802147452548
0.937409268331668
0.942479747452548
0.937409268331668
0.931361347452548
0.93808125954046
0.965571808991009
0.973696793606394
0.973024802397602
0.967465602397602
0.983654481518482
0.982371589210789
0.978706182617383
0.96599943976024
0.954392318881119
0.962150762837163
0.972780441958042
0.991657285914086
1.0014317034965
1.01890347492507
1.03264874965035
1.03820794965035
1.03521453426573
1.03228220899101
1.0187202045954
1.05097578261738
1.04022392327672
1.03649742657343
1.02171361998002
1.01890347492507
1.02672300899101
1.03985738261738
1.02757827052947
1.04297297822178
1.04120136503497
1.06887518481518
1.05500772987013
1.26625732987013
0.755177470529471
-0.269792393206793
-1.59123256023976
-2.67368821738262
-1.9696247008991
-0.430581562437563
0.727748011188811
1.09019563316683
0.929589734265734
0.398044688111888
0.0626599848151848
-0.371629606393606
-1.37259105694306
-1.10568836683317
-1.9825758041958
-3.31116351408591
-4.26948406793207
-4.78954417342657
-4.70921067892108
-3.85266624815185
-2.69641373826174
-1.87713427452547
-1.57156154485514
-1.71872761958042
-2.19058762837163
-2.3853428987013
-1.60882651188811
-1.08070251188811
-1.54975237562438
-2.61956238001998
-3.64764783936064
-3.9901189954046
-3.74655272727273
-3.3353551976024
-3.17358858661339
-3.18330191408591
-3.1327193030969
-2.8807225998002
-2.45064822617383
-1.99155605034965
-1.53460202837163
-1.11918928111888
-0.769081861338661
-0.296549861338661
-0.0325184063936064
0.159304538661339
0.224121145254745
0.378862393606394
0.399938481518482
0.449421470529471
0.284417083716284
0.240920925474525
-0.0571377206793207
-0.0460804107892108
-2.93704768111888
-6.9617863008991
-10.9613557954046
-14.9650183272727
-18.1752425118881
-20.993818001998
-22.9281752415584
-24.4669129294705
-24.279305201998
-23.1066194525475
-21.1991418613387
-18.5611487360639
-15.0261695272727
-10.5833301954046
-4.41078549210789
2.6815929958042
9.83829936943057
16.2730428243756
21.1517600903097
24.5581446177822
26.1292600639361
24.7602307012987
23.5014078969031
22.1116078969031
20.327715598002
18.6718070793207
16.7136246969031
14.3048416639361
11.8066838001998
9.29563592327673
7.40831806833167
6.09414762437563
4.87332286833167
3.51687806833167
1.92835194085914
0.178914463936064
-0.922295856943057
-2.34557323716284
-3.91094621298701
-5.30154038441558
-6.59762815584416
-7.2638158041958
-7.49345352727273
-7.52363204155844
-7.49913490749251
-7.51733976023976
-7.9395945998002
-8.22225853826174
-7.59290822617383
-6.7412510041958
-6.06101263056943
-5.50973547892108
-5.35756001518482
-5.36647917122877
-5.18082632727273
-4.66070513166833
-3.95444237122877
-3.08219778221778
-2.57178991408591
-2.50843947012987
-2.2988393030969
-2.40678552727273
-2.4643935008991
-2.36945947012987
-3.30114473606394
-4.14913655144855
-5.20892777782218
-5.53276645034965
-5.94549123276723
-5.62849465254745
-4.89187010749251
-4.7239333954046
-5.3323297998002
-5.9796406041958
-6.5114911008991
-6.88603456463536
-7.24756583496504
-7.85241901298701
-8.62722487672328
-9.23574346133866
-9.60943166353646
-9.88103829210789
-9.98421948771229
-9.63722766353646
-8.70169372067932
-7.48923830969031
-6.37196128991009
-5.42543112727273
-4.53657002837163
-3.6003030041958
-2.64546458661339
-1.69343631408591
-0.821497175624376
-0.00741037122877124
0.714980178221778
1.48850314965035
2.37974676283716
2.46551727712288
1.88381725074925
1.64104515404595
1.86365751448551
2.10325292547453
1.92664141778222
1.33522806393606
0.85499871008991
0.853104916683317
0.987686428771229
0.773137962837163
0.256254543056943
-0.075648023976024
0.0544739100899101
0.354120899100899
0.462433663936064
0.190704855144855
-0.066179056943057
-0.08456718001998
0.142504758441558
0.298223448551449
0.314229057342657
0.286616327672328
-0.166061386613387
-0.149628147052947
0.102246376023976
1.43865361998002
0.408368916683317
-0.765599725074925
-1.39898198441558
-0.962248788811189
-0.591981632767233
-0.732061254745255
-1.27319744815185
-1.83815878441558
-1.67382638881119
-1.23593248111888
-0.850331707492508
-0.613912982217782
-0.60138950969031
-0.204853606393606
0.342025057342657
0.791403905694306
0.987197707892108
0.924091624375625
0.984204292507493
1.13631866613387
1.30407210789211
1.35966410789211
1.36577311888112
1.46076823976024
1.56040620899101
1.70237962437562
1.78320183976024
1.80317830569431
1.80824878481518
1.78216330789211
1.771105998002
1.73035889470529
1.6469098045954
1.52167507932068
1.41629463976024
1.36021391888112
1.3504395012987
1.3337619012987
1.28849412987013
1.22349425294705
1.16087689030969
1.09575483316683
1.06056692987013
1.00363094745255
0.940830314485515
0.933560591408591
0.926657408991009
0.924274894705295
0.924397074925075
0.907841655144855
0.928123571628372
0.911445971628372
0.845163202397603
0.809058947452548
0.878335132067932
0.922075650749251
0.802155765034965
0.641061145254745
0.410995791408591
0.649735940859141
1.32972995404595
1.59296723756244
1.61447095624376
1.68417477162837
1.63994553206793
1.58869092987013
1.48178323756244
1.25941523756244
0.932033338661339
0.582109189210789
0.251794965034965
-0.0237825206793207
-0.203204173426573
-0.395393659140859
-0.519345492107892
-0.647634722877123
-0.643908226173826
-1.02266690749251
-1.34937681518482
-1.17148241518482
-1.08540645034965
-0.814471812987013
-0.825223672327672
-0.937079663536464
-0.891262081118881
-0.816976507492508
-0.716055645954046
-0.598945905294705
-0.474810801998002
-0.475543883316683
-0.605360366833167
-0.675186362437562
-0.749655206393607
-0.732183434965035
-0.658020041558442
-0.606276718481519
-0.6014505998002
-0.630346221778222
-0.639326467932068
-0.594791777822178
-0.516352076723277
-0.472611558041958
-0.46821307012987
-0.465280744855145
-0.485562661338661
-0.496925421778222
-0.536450722877123
-0.585933711888112
-0.587705325074925
-0.574754221778222
-0.582879206393606
-0.604932736063936
-0.611835918481519
-0.597968463536464
-0.589599118481518
-0.559359514085914
-0.549462916283716
-0.537489254745255
-0.504744955844156
-0.478720569030969
-0.422334397602398
-0.358250872327672
-0.305774467932068
-0.248716305294705
-0.202104551448551
-0.158913843756244
-0.140892261338661
-0.149567056943057
-0.15689787012987
-0.166794467932068
-0.178707039360639
-0.176813245954046
-0.171437316283716
-0.175591443756244
-0.182494626173826
-0.187320744855145
-0.201799100899101
-0.20705285034965
-0.20680848991009
-0.197644973426573
-0.180723012987013
-0.143030415184815
-0.118899821778222
-0.16777190969031
-0.259284894305694
-0.33467008991009
-0.374073210789211
-0.399792147052947
-0.413109791008991
-0.529608630569431
-0.678363048151848
-0.752709711888112
-0.736032111888112
-0.626375364635365
-0.503156612987013
-0.358800683316683
-0.191352692107892
-0.0633689118881119
-0.0385052371628372
-0.091775812987013
-0.171620586613387
-0.266188076723277
-0.351103329470529
-0.403946274525475
-0.397531812987013
-0.356601439360639
-0.29593896023976
-0.25708565034965
-0.247189052547453
-0.230572542657343
-0.243768006393606
-0.278100648151848
-0.350492428371628
-0.41818027012987
-0.452940542657343
-0.447870063536464
-0.415309034965035
-0.349881527272727
-0.291296111888112
-0.231855434965035
-0.183594248151848
-0.16789408991009
-0.154576445954046
-0.165694845954046
-0.16801627012987
-0.194285017382617
-0.222875188811189
-0.247189052547453
-0.249938107492508
-0.241874212987013
-0.219454142657343
-0.18463278001998
-0.154332085514486
-0.14022027012987
-0.120365984415584
-0.111385738261738
-0.118533281118881
-0.130812393206793
-0.152193931668332
-0.179806661338661
-0.199783127272727
-0.220492674525475
-0.242546204195804
-0.242668384415584
-0.22880092947053
-0.218598881118881
-0.20155474045954
-0.17889030969031
-0.152255021778222
-0.121404516283716
-0.101855681118881
-0.0885991272727273
-0.0702720943056943
-0.0635521822177822
-0.0662401470529471
-0.0619027492507493
-0.0591536943056943
-0.0563435492507493
-0.0497458173826174
-0.0481574745254745
-0.0399713998001998
-0.0325794965034965
-0.0484629250749251
-0.0672786789210789
-0.0631856415584416
-0.0735098701298701
-0.0801686921078921
-0.0779083580419581
-0.0838951888111888
-0.0780305382617383
-0.0680117602397602
-0.0564657294705295
-0.0655681558441558
-0.0640409030969031
-0.0688059316683317
-0.0610474877122877
-0.0402157602397602
-0.0348398305694306
-0.01229758001998
-0.000140648151848152
0.0229514133866134
0.0457380243756244
0.0570396947052947
0.0764663496503497
0.0886843716283716
0.0877069298701299
0.0872792991008991
0.0842247936063936
0.085018965034965
0.0874625694305694
0.0779936023976024
0.0607661914085914
0.058322587012987
0.0636985166833167
0.0662643012987013
0.0516026749250749
0.061621452947053
0.0654090397602398
0.075000187012987
0.0846524243756244
0.0908836155844156
0.101391114485514
0.104995430969031
0.106644863936064
0.0979700683316683
0.104079079320679
0.116236011188811
0.10450671008991
0.105423061738262
0.11000481998002
0.10432343976024
0.0829419012987013
0.0921054177822178
0.0846524243756244
0.0893563628371628
0.0876458397602398
0.0824531804195804
0.1212454001998
0.0921054177822178
0.00609054305694305
0.0212408903096903
0.07109041998002
0.105728512287712
0.149224670529471
0.173171993606394
0.16022089030969
0.133891052947053
0.103162727672328
0.0773827012987013
0.060521830969031
0.0773827012987013
0.105239791408591
0.174149435364635
0.195958604595405
0.207504635364635
0.251306244155844
0.305370991408591
0.324064565034965
0.344835202397602
0.394257101298701
0.411667782617383
0.456446833166833
0.52162998041958
0.670262217782218
0.872470481518482
1.0879352991009
1.32887469250749
1.60066459140859
1.87685297822178
2.13831864855145
2.3955691012987
2.56741558041958
2.6135997034965
2.54212427492508
2.38976554085914
2.25237388371628
2.1565235012987
2.07985541338661
2.0119843012987
1.95260471448551
1.88833791888112
1.83567824415584
1.78289638921079
1.72180627932068
1.65112502217782
1.57903869250749
1.52735645954046
1.47946181338661
1.44665642437562
1.42044876723277
1.39314148811189
1.36088591008991
1.31042547932068
1.26882311448551
1.22398297382617
1.15818892547453
1.10565143096903
1.05195322437562
0.998865918881119
0.97174191008991
0.962517303496504
0.954575589210789
0.953537057342657
0.985426094705295
0.990740934265734
1.0119392023976
1.03124367712288
1.04425587052947
1.00864033646354
0.967465602397602
0.896112354045954
0.812785444155844
0.709909699100899
0.603063096903097
0.501348063936064
0.412156503496504
0.333044811188811
0.255032740859141
0.200296002397602
0.147330877122877
0.114525488111888
0.0733507540459541
0.0442718617382617
0.023867765034965
0.0132380859140859
0.02105761998002
0.0403620947052947
0.0758554485514486
0.133891052947053
0.213491466133866
0.286066516683317
0.36566692987013
0.440135773826174
0.492612178221778
0.536841417782218
0.550647782617383
0.573923114485515
0.583941892507493
0.584308433166833
0.588523650749251
0.594877022177822
0.61051609030969
0.628659852947053
0.651568644155844
0.668368424375624
0.682113699100899
0.686756547452548
0.681747158441559
0.685229294705295
0.673622173826174
0.669345866133866
0.66012125954046
0.660976521078921
0.66006016943057
0.673438903496504
0.689016881518482
0.662625954045954
0.662748134265734
0.645276362837163
0.634035782617383
0.606484143056943
0.613387325474526
0.663725576023976
0.608316846353646
0.51564314965035
0.481188327672328
0.486319896903097
0.512099923276723
0.540873365034965
0.592250147452548
0.608133576023976
0.619007615584416
0.628232222177822
0.607400494705295
0.578138332067932
0.54893725954046
0.528777523276723
0.508434516683317
0.49939318041958
0.496949576023976
0.472269171628372
0.451193083716284
0.441846296903097
0.441235395804196
0.42125892987013
0.405192230969031
0.402809716683317
0.389675343056943
0.394073830969031
0.400243932067932
0.407330384815185
0.417410252947053
0.423519263936064
0.434210033166833
0.468664855144855
0.486503167232767
0.495605593606394
0.5103894001998
0.517414762837163
0.547471096903097
0.557184424375624
0.584125162837163
0.601352573826174
0.623894824375624
0.64900285954046
0.667146622177822
0.678692652947053
0.68266351008991
0.679059193606394
0.677654121078921
0.667268802397602
0.656883483716284
0.646070534265734
0.631897628771229
0.613631685914086
0.605567791408592
0.591639246353646
0.565492679320679
0.544660951848152
0.523707044155844
0.501958965034965
0.480760696903097
0.463533285914086
0.446366965034965
0.413683756243756
0.400854833166833
0.375135896903097
0.355525971628372
0.34324685954046
0.323331483716284
0.314106877122877
0.30457681998002
0.298528899100899
0.287349408991009
0.285272345254745
0.281301488111888
0.275559017782218
0.287288318881119
0.299750701298701
0.297673637562438
0.315267589210789
0.318871905694306
0.323698024375624
0.319666077122877
0.335366235364635
0.33768765954046
0.338970551848152
0.347339896903097
0.355098340859141
0.35998554965035
0.352471466133866
0.359069198001998
0.361329532067932
0.360535360639361
0.357480855144855
0.347645347452547
0.350822033166833
0.33780983976024
0.339520362837163
0.338787281518482
0.337015668331668
0.347584257342657
0.350088951848152
0.360962991408591
0.367805083716284
0.376113338661339
0.397067246353646
0.418326604595405
0.426512679320679
0.428895193606394
0.445145162837163
0.453881048551449
0.466587791408591
0.492062367232767
0.500920433166833
0.516926041958042
0.534397813386613
0.546310384815185
0.550159061738262
0.552663756243756
0.553641198001998
0.557123334265734
0.570135527672328
0.568669365034965
0.576061268331668
0.582109189210789
0.578932503496504
0.584858244155844
0.585469145254745
0.580276485914086
0.573128943056943
0.564942868331668
0.560666560639361
0.557734235364635
0.549731430969031
0.555168450749251
0.548448538661339
0.546982376023976
0.551991765034965
0.558528406793207
0.551747404595405
0.54918161998002
0.552419395804196
0.553519017782218
0.550159061738262
0.549548160639361
0.546921285914086
0.545394033166833
0.545882754045954
0.550403422177822
0.54343914965035
0.549731430969031
0.54899834965035
0.545943844155844
0.544783132067932
0.539834833166833
0.544294411188811
0.543194789210789
0.542767158441559
0.541239905694306
0.542461707892108
0.539712652947053
0.540506824375624
0.538551940859141
0.533359281518482
0.529999325474526
0.531770938661339
0.53232074965035
0.541423176023976
0.533359281518482
0.534153452947053
0.530304776023976
0.525478657342657
0.524317945254745
0.524867756243756
0.520469268331668
0.519614006793207
0.52700591008991
0.534764354045954
0.53256511008991
0.535375255144855
0.538490850749251
0.539895923276723
0.547104556243756
0.545149672727273
0.546310384815185
0.552419395804196
0.562499263936064
0.559811299100899
0.548326358441559
0.563598885914086
0.581681558441559
0.59903114965035
0.608805567232767
0.624627905694306
0.622184301298701
0.614792398001998
0.602940916683317
0.593166499100899
0.585835685914086
0.578321602397602
0.580093215584416
0.582048099100899
0.58229245954046
0.594815932067932
0.592861048551449
0.593227589210789
0.587240758441559
0.584369523276723
0.583453171628372
0.575572547452547
0.572640222177822
0.566225760639361
0.556206982617383
0.554068828771229
0.561033101298701
0.556817883716284
0.561277461738262
0.555840441958042
0.556817883716284
0.553030296903097
0.555107360639361
0.551136503496504
0.533053830969031
0.528105532067932
0.520713628771229
0.517475852947053
0.52132452987013
0.520224907892108
0.512649734265734
0.513566085914086
0.517292582617383
0.518147844155844
0.524684485914086
0.51607078041958
0.516559501298701
0.514665707892108
0.512588644155844
0.510817030969031
0.519064195804196
0.514299167232767
0.507090534265734
0.515215518881119
0.502692046353646
0.506785083716284
0.504341479320679
0.503180767232767
0.50476911008991
0.500004081518482
0.499881901298701
0.502814226573427
0.496766305694306
0.492673268331668
0.494444881518482
0.493161989210789
0.484426103496504
0.486442077122877
0.481005057342657
0.485770085914086
0.483693022177822
0.486991888111888
0.486197716683317
0.492978718881119
0.495239052947053
0.492734358441558
0.50446365954046
0.501592424375624
0.502386595804196
0.499759721078921
0.499576450749251
0.495116872727273
0.504341479320679
0.504402569430569
0.513016274925075
0.517414762837163
0.525784107892108
0.527677901298701
0.533053830969031
0.531282217782218
0.53250401998002
0.52682263976024
0.536047246353646
0.534214543056943
0.546249294705295
0.539590472727273
0.536535967232767
0.539468292507493
0.531098947452547
0.540384644155844
0.527250270529471
0.523707044155844
0.537146868331668
0.545088582617383
0.536963598001998
0.518392204595405
0.523401593606394
0.523768134265734
0.537696679320679
0.545149672727273
0.554374279320679
0.56555376943057
0.567386472727273
0.566958841958042
0.567936283716284
0.557001154045954
0.55467972987013
0.543988960639361
0.5437446001998
0.539834833166833
0.533420371628372
0.535191984815185
0.526395008991009
0.522668512287712
0.527433540859141
0.510755940859141
0.508739967232767
0.507640345254745
0.503364037562438
0.500187351848152
0.496216494705295
0.501714604595405
0.514971158441559
0.516131870529471
0.527983351848152
0.519491826573427
0.533114921078921
0.53225965954046
0.548753989210789
0.558650587012987
0.56561485954046
0.574411835364635
0.580276485914086
0.583086630969031
0.587607299100899
0.588462560639361
0.591272705694306
0.597992617782218
0.589867633166833
0.604223808991009
0.603246367232767
0.598114798001998
0.600069681518482
0.606361962837163
0.603673998001998
0.601841294705295
0.59915332987013
0.600619492507493
0.600741672727273
0.595915554045954
0.595243562837163
0.586813127672328
0.584674973826174
0.582903360639361
0.576366718881119
0.574961646353646
0.576183448551449
0.578321602397602
0.57667216943057
0.57129623976024
0.569952257342657
0.575389277122877
0.562010543056943
0.564820688111888
0.569524626573427
0.566958841958042
0.563659976023976
0.564759598001998
0.562682534265734
0.563659976023976
0.565187228771229
0.562499263936064
0.567081022177822
0.564026516683317
0.561766182617383
0.56555376943057
0.567447562837163
0.565248318881119
0.559994569430569
0.571723870529471
0.566592301298701
0.572701312287712
0.566103580419581
0.572273681518482
0.57123514965035
0.568119554045954
0.568913725474526
0.565187228771229
0.572151501298701
0.562621444155844
0.562132723276723
0.567814103496504
0.566836661738262
0.564026516683317
0.562010543056943
0.560666560639361
0.567325382617383
0.562560354045954
0.561033101298701
0.56585921998002
0.564393057342657
0.565248318881119
0.553580107892108
0.560666560639361
0.558772767232767
0.554374279320679
0.554313189210789
0.558894947452548
0.558589496903097
0.552663756243756
0.559261488111888
0.554252099100899
0.555046270529471
0.545516213386613
0.555351721078921
0.553763378221778
0.554191008991009
0.555657171628372
0.552480485914086
0.554068828771229
0.550586692507493
0.554435369430569
0.554191008991009
0.55498518041958
0.551136503496504
0.553946648551449
0.553396837562438
0.555168450749251
0.553885558441559
0.556878973826174
0.559017127672328
0.557123334265734
0.553213567232767
0.549731430969031
0.561888362837163
0.5604222001998
0.56011674965035
0.56023892987013
0.561399641958042
0.569463536463537
0.564515237562438
0.561582912287712
0.572884582617383
0.573862024375625
0.5715406001998
0.57147951008991
0.565431589210789
0.577405250749251
0.570746428771229
0.573006762837163
0.564331967232767
0.562254903496504
0.561521822177822
0.563965426573427
0.5604222001998
0.553396837562438
0.552847026573427
0.547959817782218
0.550281241958042
0.547165646353646
0.542522798001998
0.539590472727273
0.542461707892108
0.544172230969031
0.541667536463536
0.540384644155844
0.533848002397602
0.536474877122877
0.531648758441558
0.535925066133866
0.531770938661339
0.530793496903097
0.527800081518482
0.521691070529471
0.524073584815185
0.511244661738262
0.524195765034965
0.514421347452548
0.512099923276723
0.50458583976024
0.510878121078921
0.509473048551449
0.500309532067932
0.503608398001998
0.497255026573427
0.499820811188811
0.495300143056943
0.4992710001998
0.494750332067932
0.496399765034965
0.498110288111888
0.501836784815185
0.497132846353646
0.496644125474526
0.50452474965035
0.502508776023976
0.500920433166833
0.503364037562438
0.501164793606394
0.505380011188811
0.498476828771229
0.500614982617383
0.500370622177822
0.505807641958042
0.497316116683317
0.507029444155844
0.501409154045954
0.499820811188811
0.511000301298701
0.507701435364635
0.502875316683317
0.506479633166833
0.504280389210789
0.496338674925075
0.503180767232767
0.499820811188811
0.502753136463536
0.499759721078921
0.502630956243756
0.509595228771229
0.499942991408591
0.509473048551449
0.502447685914086
0.507334894705295
0.509228688111888
0.509350868331668
0.506113092507493
0.511000301298701
0.509289778221778
0.512283193606394
0.514299167232767
0.519430736463537
0.513993716683317
0.514910068331668
0.513688266133866
0.505624371628372
0.520469268331668
0.516192960639361
0.512344283716284
0.522790692507493
0.514176987012987
0.52132452987013
0.516131870529471
0.51582641998002
0.51582641998002
0.519491826573427
0.518025663936064
0.518331114485515
0.517964573826174
0.516559501298701
0.514848978221778
0.519980547452548
0.507762525474525
0.514726798001998
0.513688266133866
0.520041637562438
0.517536943056943
0.506235272727273
0.509473048551449
0.511122481518482
0.504158208991009
0.50446365954046
0.508190156243756
0.503669488111888
0.502814226573427
0.498293558441559
0.499454270529471
0.498537918881119
0.495483413386613
0.49346743976024
0.496705215584416
0.495544503496504
0.494567061738262
0.492367817782218
0.485098094705295
0.485770085914086
0.491268195804196
0.486197716683317
0.484853734265734
0.475201496903097
0.484120652947053
0.483998472727273
0.477767281518482
0.478561452947053
0.48247121998002
0.4770342001998
0.476484389210789
0.481066147452548
0.472880072727273
0.47123063976024
0.470314288111888
0.46585471008991
0.472208081518482
0.456141382617383
0.463166745254745
0.466221250749251
0.457790815584416
