0.200662543056943
0.202006525474525
0.200784723276723
0.188994332067932
0.18251878041958
0.181785699100899
0.181724608991009
0.1879558001998
0.18765034965035
0.187405989210789
0.191804477122877
0.188688881518482
0.191926657342657
0.197363677122877
0.195530973826174
0.20432794965035
0.198157848551449
0.201578894705295
0.204816670529471
0.195286613386613
0.190765945254745
0.18251878041958
0.181358068331668
0.184901294705295
0.180869347452547
0.187467079320679
0.195469883716284
0.200784723276723
0.203839228771229
0.195530973826174
0.199562921078921
0.200601452947053
0.19876874965035
0.196080784815185
0.188933241958042
0.197058226573427
0.194003721078921
0.202800696903097
0.205977382617383
0.210375870529471
0.213552556243756
0.219844837562438
0.206893734265734
0.204999940859141
0.200967993606394
0.201884345254745
0.197852398001998
0.202434156243756
0.199379650749251
0.203472688111888
0.200906903496504
0.199379650749251
0.187283808991009
0.192598648551449
0.197119316683317
0.190765945254745
0.189055422177822
0.180441716683317
0.190093954045954
0.19901311008991
0.198646569430569
0.198463299100899
0.208420987012987
0.206954824375624
0.209092978221778
0.207138094705295
0.199562921078921
0.203839228771229
0.206160652947053
0.202189795804196
0.19919638041958
0.198280028771229
0.204144679320679
0.207810085914086
0.206893734265734
0.214591088111888
0.212758384815185
0.207321365034965
0.205122121078921
0.203167237562438
0.200479272727273
0.210864591408591
0.209031888111888
0.2046334001998
0.216851422177822
0.218928485914086
0.209459518881119
0.214102367232767
0.215935070529471
0.211964213386613
0.203717048551449
0.219661567232767
0.213980187012987
0.215201989210789
0.210498050749251
0.209642789210789
0.21556852987013
0.220272468331668
0.21569071008991
0.212208573826174
0.203167237562438
0.207260274925075
0.205488661738262
0.202373066133866
0.208482077122877
0.207260274925075
0.210681321078921
0.21013151008991
0.208237716683317
0.217584503496504
0.220089198001998
0.217340143056943
0.204144679320679
0.203778138661339
0.201456714485514
0.201395624375624
0.198218938661339
0.198463299100899
0.19876874965035
0.20426685954046
0.201517804595405
0.20426685954046
0.210559140859141
0.203594868331668
0.199929461738262
0.194492441958042
0.19314845954046
0.174577066133866
0.173599624375624
0.180991527672328
0.180075176023976
0.191499026573427
0.200967993606394
0.208482077122877
0.193759360639361
0.19339281998002
0.199624011188811
0.187222718881119
0.186306367232767
0.180991527672328
0.174943606793207
0.179342094705295
0.188811061738262
0.186917268331668
0.186978358441558
0.19345391008991
0.198646569430569
0.18789471008991
0.184534754045954
0.184107123276723
0.170300758441558
0.17140038041958
0.168895685914086
0.167368433166833
0.179769725474525
0.185328925474526
0.182702050749251
0.189849593606394
0.182579870529471
0.172622182617383
0.173538534265734
0.172316732067932
0.168895685914086
0.172316732067932
0.180014085914086
0.181846789210789
0.187528169430569
0.191865567232767
0.184229303496504
0.172194551848152
0.17115601998002
0.168223694705295
0.158937998001998
0.165230279320679
0.166329901298701
0.151729365034965
0.151546094705295
0.169567677122877
0.184595844155844
0.179158824375624
0.183862762837163
0.184412573826174
0.175676688111888
0.169323316683317
0.151912635364635
0.143970921078921
0.14354329030969
0.145131633166833
0.155761312287712
0.152279176023976
0.156738754045954
0.156983114485514
0.161503782617383
0.149224670529471
0.149407940859141
0.135479395804196
0.144459641958042
0.131936169430569
0.137006648551449
0.141344046353646
0.142504758441558
0.140061154045954
0.143909830969031
0.145864714485514
0.157960556243756
0.15447841998002
0.155028230969031
0.148430499100899
0.144765092507493
0.144398551848152
0.143665470529471
0.139389162837163
0.146475615584416
0.150751923276723
0.154783870529471
0.14311565954046
0.14898031008991
0.14336001998002
0.151851545254745
0.150141022177822
0.142626938661339
0.141893857342657
0.146719976023976
0.138594991408591
0.138106270529471
0.138839351848152
0.145620354045954
0.138533901298701
0.149835571628372
0.142260398001998
0.147636327672328
0.14342111008991
0.137495369430569
0.132913611188811
0.138411721078921
0.129736925474525
0.136945558441558
0.142443668331668
0.140305514485514
0.150935193606394
0.146414525474525
0.144948362837163
0.147269787012987
0.146597795804196
0.144215281518482
0.149957751848152
0.151423914485515
0.145925804595405
0.140061154045954
0.147391967232767
0.135784846353646
0.139694613386613
0.133035791408591
0.139144802397602
0.141771677122877
0.142565848551449
0.141221866133866
0.139877883716284
0.133829962837163
0.138839351848152
0.140855325474526
0.137189918881119
0.135479395804196
0.136090296903097
0.128392943056943
0.125888248551449
0.131875079320679
0.134746314485514
0.133585602397602
0.130775457342657
0.135601576023976
0.129126024375624
0.133585602397602
0.125216257342657
0.130958727672328
0.130592187012987
0.128881663936064
0.133952143056943
0.127110050749251
0.139205892507493
0.128759483716284
0.135784846353646
0.125949338661339
0.124299905694306
0.118801795804196
0.113792406793207
0.114769848551449
0.114097857342657
0.112509514485514
0.12106212987013
0.122100661738262
0.121917391408591
0.134135413386613
0.123750094705295
0.120634499100899
0.1212454001998
0.119351606793207
0.115136389210789
0.114097857342657
0.112692784815185
0.110432450749251
0.11550292987013
0.12130649030969
0.12112321998002
0.12692678041958
0.122650472727273
0.13224161998002
0.119718147452547
0.119962507892108
0.118313074925075
0.112814965034965
0.11562511008991
0.113609136463536
0.119351606793207
0.117702173826174
0.126987870529471
0.125766068331668
0.123750094705295
0.119229426573427
0.124055545254745
0.127782041958042
0.12674351008991
0.124422085914086
0.118251984815185
0.114097857342657
0.119779237562438
0.119046156243756
0.114158947452547
0.117946534265734
0.12100103976024
0.122100661738262
0.129798015584416
0.12674351008991
0.119290516683317
0.129248204595405
0.124360995804196
0.12100103976024
0.117824354045954
0.114830938661339
0.114953118881119
0.124544266133866
0.113425866133866
0.12136758041958
0.126010428771229
0.135968116683317
0.13224161998002
0.131569628771229
0.128087492507493
0.131264178221778
0.127720951848152
0.132547070529471
0.140427694705295
0.141344046353646
0.143787650749251
0.145803624375624
0.146842156243756
0.136579017782218
0.139877883716284
0.141466226573427
0.148491589210789
0.141954947452547
0.146475615584416
0.145925804595405
0.136395747452547
0.145375993606394
0.148247228771229
0.150751923276723
0.155272591408591
0.141282956243756
0.14867485954046
0.146231255144855
0.141832767232767
0.135051765034965
0.154172969430569
0.151179554045954
0.150874103496504
0.155578041958042
0.153928608991009
0.149591211188811
0.160587430969031
0.157410745254745
0.163703026573427
0.158388187012987
0.155516951848152
0.164497198001998
0.164802648551449
0.17097274965035
0.173416354045954
0.165291369430569
0.17103383976024
0.168040424375624
0.169078956243756
0.160343070529471
0.156555483716284
0.164313927672328
0.173110903496504
0.164619378221778
0.174515976023976
0.172011281518482
0.170239668331668
0.17677631008991
0.176104318881119
0.173233083716284
0.169201136463536
0.175493417782218
0.17653194965035
0.181846789210789
0.177265030969031
0.180869347452547
0.188688881518482
0.188444521078921
0.186856178221778
0.181846789210789
0.191865567232767
0.186733998001998
0.184718024375624
0.199318560639361
0.196019694705295
0.19314845954046
0.200418182617383
0.199562921078921
0.195530973826174
0.203839228771229
0.203961408991009
0.21538525954046
0.21031478041958
0.206038472727273
0.208054446353646
0.205488661738262
0.211108951848152
0.212269663936064
0.211903123276723
0.216912512287712
0.214896538661339
0.219783747452547
0.221494270529471
0.227725461738262
0.220700099100899
0.221982991408591
0.224670956243756
0.23774423976024
0.234995184815185
0.232612670529471
0.234078833166833
0.242203817782218
0.241837277122877
0.24336452987013
0.234567554045954
0.233773382617383
0.240920925474525
0.234995184815185
0.245624863936064
0.244280881518482
0.242448178221778
0.243731070529471
0.244708512287712
0.250634252947053
0.248007378221778
0.244464151848152
0.250084441958042
0.251856055144855
0.253322217782218
0.24892372987013
0.250267712287712
0.255765822177822
0.260530850749251
0.259492318881119
0.260530850749251
0.263218815584416
0.265173699100899
0.266212230969031
0.26584569030969
0.274887026573427
0.272076881518482
0.264684978221778
0.27097725954046
0.283073101298701
0.27122161998002
0.271832521078921
0.273176503496504
0.272199061738262
0.275803378221778
0.274887026573427
0.2824622001998
0.275559017782218
0.273970674925075
0.281118217782218
0.281668028771229
0.28215674965035
0.278124802397602
0.278674613386613
0.285272345254745
0.27671972987013
0.28240111008991
0.291136995804196
0.284966894705295
0.288937751848152
0.284417083716284
0.28252329030969
0.290281734265734
0.295230033166833
0.285211255144855
0.283806182617383
0.287593769430569
0.284844714485515
0.291381356243756
0.289426472727273
0.296635105694306
0.289609743056943
0.293824960639361
0.307509145254745
0.307631325474526
0.30439354965035
0.312518534265734
0.305798622177822
0.306959334265734
0.311235641958042
0.317100292507493
0.311296732067932
0.31563412987013
0.314595598001998
0.31031929030969
0.319116266133866
0.313984696903097
0.313495976023976
0.319910437562438
0.31545085954046
0.312701804595405
0.323087123276723
0.316794841958042
0.324492195804196
0.32094896943057
0.322537312287712
0.32705798041958
0.323942384815185
0.331884099100899
0.330662296903097
0.330356846353646
0.328340872727273
0.324614376023976
0.333777892507493
0.333961162837163
0.33811529030969
0.333900072727273
0.335977136463536
0.330051395804196
0.335244055144855
0.34324685954046
0.339703633166833
0.342758138661339
0.341841787012987
0.345751554045954
0.34905041998002
0.347034446353646
0.35485398041958
0.351616204595405
0.356992134265734
0.355342701298701
0.362795694705295
0.361024081518482
0.360779721078921
0.363712046353646
0.358213936463537
0.367010912287712
0.368599255144855
0.365056028771229
0.361634982617383
0.37104285954046
0.366033470529471
0.363040055144855
0.367866173826174
0.374647176023976
0.368232714485515
0.374891536463536
0.376174428771229
0.374830446353646
0.373181013386613
0.375013716683317
0.380145285914086
0.386376477122877
0.379900925474525
0.38790372987013
0.381733628771229
0.385948846353646
0.381855808991009
0.389614252947053
0.392546578221778
0.392363307892108
0.389186622177822
0.396089804595405
0.389614252947053
0.396517435364635
0.3936462001998
0.400182841958042
0.39902212987013
0.399510850749251
0.401587914485515
0.400182841958042
0.397922507892108
0.398777769430569
0.40458132987013
0.404031518881119
0.404947870529471
0.399633030969031
0.405436591408591
0.411789962837163
0.413805936463536
0.405619861738262
0.414905558441559
0.412767404595405
0.413500485914086
0.408857637562438
0.40995725954046
0.411728872727273
0.408918727672328
0.416921532067932
0.420525848551449
0.422602912287712
0.419120776023976
0.419731677122877
0.420892389210789
0.418448784815185
0.420098217782218
0.415272099100899
0.419181866133866
0.417654613386613
0.416860441958042
0.416677171628372
0.420403668331668
0.420037127672328
0.421014569430569
0.422297461738262
0.418082244155844
0.42138111008991
0.417960063936064
0.411484512287712
0.412461954045954
0.418632055144855
0.412095413386613
0.402137725474526
0.408796547452547
0.396700705694306
0.399999571628372
0.389492072727273
0.387170648551449
0.386009936463537
0.377640591408591
0.379900925474525
0.369821057342657
0.36572801998002
0.362917874925075
0.351738384815185
0.344835202397602
0.343796670529471
0.341047615584416
0.330845567232767
0.328340872727273
0.323759114485515
0.319177356243756
0.319910437562438
0.311052371628372
0.308669857342657
0.308547677122877
0.298223448551449
0.295840934265734
0.287410499100899
0.282645470529471
0.28258438041958
0.273543044155844
0.273787404595405
0.267372943056943
0.26541805954046
0.267495123276723
0.263279905694306
0.260958481518482
0.255521461738262
0.257720705694306
0.251061883716284
0.24922918041958
0.252039325474525
0.251184063936064
0.241470736463536
0.253444398001998
0.240432204595405
0.241226376023976
0.236216987012987
0.237133338661339
0.234995184815185
0.239882393606394
0.230841057342657
0.245319413386613
0.241470736463536
0.237072248551449
0.239576943056943
0.233590112287712
0.243731070529471
0.238416230969031
0.240676565034965
0.248435008991009
0.237377699100899
0.24874045954046
0.246907756243756
0.244464151848152
0.240737655144855
0.243914340859141
0.252589136463536
0.257537435364635
0.250756433166833
0.251061883716284
0.254116389210789
0.250939703496504
0.248679369430569
0.254116389210789
0.253994208991009
0.259675589210789
0.260653030969031
0.258453787012987
0.2602254001998
0.26547914965035
0.259675589210789
0.266090050749251
0.270549628771229
0.265295879320679
0.266945312287712
0.27122161998002
0.274825936463536
0.269511096903097
0.279590965034965
0.271771430969031
0.278002622177822
0.277391721078921
0.28209565954046
0.280079685914086
0.280079685914086
0.281179307892108
0.284600354045954
0.281973479320679
0.289182112287712
0.289304292507493
0.285577795804196
0.289182112287712
0.28814358041958
0.302988477122877
0.29327514965035
0.302560846353646
0.303171747452547
0.299567430969031
0.303721558441558
0.300972503496504
0.302072125474526
0.316061760639361
0.314656688111888
0.305981892507493
0.316245030969031
0.318199914485515
0.310502560639361
0.313740336463537
0.314290147452547
0.327668881518482
0.319360626573427
0.317650103496504
0.319360626573427
0.322048591408591
0.320399158441558
0.326263808991009
0.325103096903097
0.323759114485515
0.324003474925075
0.330417936463536
0.330723387012987
0.329135044155844
0.336404767232767
0.325347457342657
0.331761918881119
0.33261718041958
0.329684855144855
0.336832398001998
0.327485611188811
0.329623765034965
0.333900072727273
0.336588037562438
0.344407571628372
0.350394402397602
0.339459272727273
0.347339896903097
0.348500608991009
0.34324685954046
0.347156626573427
0.340070173826174
0.351310754045954
0.344896292507493
0.358458296903097
0.351188573826174
0.349539140859141
0.350944213386613
0.358763747452547
0.350822033166833
0.357786305694306
0.362001523276723
0.357541945254745
0.37122612987013
0.363406595804196
0.370493048551449
0.370615228771229
0.373853004595405
0.369210156243756
0.369821057342657
0.372203571628372
0.380328556243756
0.380939457342657
0.378984573826174
0.384360503496504
0.384055052947053
0.386498657342657
0.384971404595405
0.38772045954046
0.391935677122877
0.387353918881119
0.396700705694306
0.39352401998002
0.385521215584416
0.386498657342657
0.392546578221778
0.397372696903097
0.396028714485515
0.400793743056943
0.399938481518482
0.406902754045954
0.403176257342657
0.401893365034965
0.405436591408591
0.406169672727273
0.400427202397602
0.396089804595405
0.395234543056943
0.395723263936064
0.384788134265734
0.387109558441558
0.38790372987013
0.385521215584416
0.386315387012987
0.382955430969031
0.390102973826174
0.389003351848152
0.394318191408591
0.38772045954046
0.389858613386613
0.39358511008991
0.39902212987013
0.386681927672328
0.392241127672328
0.390469514485514
0.388881171628372
0.402076635364635
0.400060661738262
0.402687536463537
0.402870806793207
0.396945066133866
0.402076635364635
0.41020161998002
0.401221373826174
0.413072855144855
0.417288072727273
0.409651808991009
0.414294657342657
0.414539017782218
0.416921532067932
0.414233567232767
0.417715703496504
0.425779598001998
0.427856661738262
0.438425250749251
0.445206252947053
0.450398912287712
0.446733505694306
0.453819958441559
0.445450613386613
0.452964696903097
0.446122604595405
0.446672415584416
0.442640468331668
0.4381198001998
0.435859466133866
0.434515483716284
0.434332213386613
0.424069074925075
0.437081268331668
0.428345382617383
0.430911167232767
0.434759844155844
0.430911167232767
0.435492925474526
0.434882024375624
0.435187474925075
0.437386718881119
0.431888608991009
0.431155527672328
0.429261734265734
0.430544626573427
0.431460978221778
0.42138111008991
0.430422446353646
0.429445004595405
0.440807765034965
0.442090657342657
0.445022982617383
0.446244784815185
0.445694973826174
0.449421470529471
0.451926165034965
0.446916776023976
0.4436790001998
0.427612301298701
0.423641444155844
0.418204424375624
0.412278683716284
0.41600518041958
0.418632055144855
0.416982622177822
0.413195035364635
0.418082244155844
0.423091633166833
0.41563863976024
0.414050296903097
0.420464758441559
0.408674367232767
0.412339773826174
0.410629250749251
0.411912143056943
0.416249540859141
0.409407448551449
0.412523044155844
0.417532433166833
0.416554991408591
0.422419641958042
0.432988230969031
0.424007984815185
0.429383914485515
0.422969452947053
0.413317215584416
0.403237347452547
0.399694121078921
0.389064441958042
0.396700705694306
0.387353918881119
0.381061637562438
0.386132116683317
0.385215765034965
0.3936462001998
0.391324776023976
0.391569136463537
0.399999571628372
0.401771184815185
0.39896103976024
0.399633030969031
0.4047646001998
0.401771184815185
0.399510850749251
0.407391474925075
0.401893365034965
0.396150894705295
0.387598279320679
0.381916899100899
0.375868978221778
0.368232714485515
0.366888732067932
0.363589866133866
0.370309778221778
0.37153158041958
0.37672423976024
0.374708266133866
0.386009936463537
0.394196011188811
0.395784354045954
0.398411228771229
0.395295633166833
0.396456345254745
0.400305022177822
0.405070050749251
0.402015545254745
0.401465734265734
0.407696925474526
0.413011765034965
0.413072855144855
0.414844468331668
0.409040907892108
0.411606692507493
0.408063466133866
0.402748626573427
0.406658393606394
0.400977013386613
0.403176257342657
0.406230762837163
0.407208204595405
0.412278683716284
0.414722288111888
0.420403668331668
0.424191255144855
0.431094437562438
0.419976037562438
0.42663485954046
0.416554991408591
0.408979817782218
0.406108582617383
0.384971404595405
0.390408424375624
0.397189426573427
0.389064441958042
0.389675343056943
0.389369892507493
0.388758991408591
0.379595474925075
0.374097365034965
0.368904705694306
0.364078587012987
0.357297584815185
0.364567307892108
0.357908485914086
0.351616204595405
0.351310754045954
0.35992445954046
0.3547318001998
0.348072978221778
0.346912266133866
0.344774112287712
0.345201743056943
0.341230885914086
0.345140652947053
0.332983721078921
0.329745945254745
0.322354041958042
0.31031929030969
0.295413303496504
0.300361602397602
0.296207474925075
0.294130411188811
0.295230033166833
0.295107852947053
0.308425496903097
0.306714973826174
0.317527923276723
0.316733751848152
0.313618156243756
0.295596573826174
0.29321405954046
0.275803378221778
0.264440617782218
0.250817523276723
0.260591940859141
0.250634252947053
0.255154921078921
0.24922918041958
0.245685954045954
0.244952872727273
0.234689734265734
0.240432204595405
0.233712292507493
0.220272468331668
0.20982605954046
0.205916292507493
0.201151263936064
0.186306367232767
0.184534754045954
0.173538534265734
0.173355263936064
0.177875932067932
0.186367457342657
0.180136266133866
0.183984943056943
0.186978358441558
0.181602428771229
0.170117488111888
0.158937998001998
0.135723756243756
0.119290516683317
0.117641083716284
0.108477567232767
0.100963483716284
0.0993140507492508
0.0996805914085914
0.10432343976024
0.0964428155844156
0.0926552287712288
0.0893563628371628
0.0941213914085914
0.0842247936063936
0.0793375848151848
0.0696853474525475
0.0753667276723277
0.0819644595404595
0.0894785430569431
0.0867905782217782
0.0917999672327672
0.0815979188811189
0.0754278177822178
0.0657755804195804
0.054962630969031
0.0464100155844156
0.0432333298701299
0.0348028947052947
0.0402399144855145
0.0365745078921079
0.0269222705294705
0.0170867628371628
0.0151318793206793
0.00749561558441558
-0.000995909690309688
-0.00233989210789211
-0.00576093826173826
0.00193641558441558
0.00914504855144855
0.0170256727272727
0.0245397562437562
0.0289993342657343
0.0130548155844156
0.00987812987012987
-0.0112590481518482
-0.0281810085914086
-0.043392445954046
-0.055060656943057
-0.0666677778221778
-0.0654459756243756
-0.0655070657342657
-0.0616583888111888
-0.0465080415584416
-0.0553050173826174
-0.060070045954046
-0.0637354525474526
-0.0794356107892108
-0.0884769470529471
-0.10142805034965
-0.109675215184815
-0.106437439360639
-0.105826538261738
-0.113646072327672
-0.109980665734266
-0.103566204195804
-0.0988622657342657
-0.119571812987013
-0.0628191008991009
0.130592187012987
-0.349148445954046
-0.909161483316683
-1.42164641518482
-1.84481760639361
-1.96950252067932
-1.81897648991009
-1.70308855144855
-1.81946521078921
-2.01489247232767
-2.17659799320679
-2.21991088111888
-2.22864676683317
-2.2185668987013
-2.12332741738262
-1.94066798881119
-1.70962519320679
-1.53264714485515
-1.38206002397602
-1.25969653386613
-1.1431366041958
-1.03121952287712
-0.956995039360639
-0.880754582217782
-0.822596797602398
-0.875745193206793
-1.01411429210789
-1.19830097342657
-1.36721512727273
-1.51199868771229
-1.70510452507493
-2.03175334265734
-2.32003757122877
-2.32859018661339
-2.36298391848152
-2.2321289030969
-1.96864725914086
-1.84408452507493
-1.76265140859141
-1.68683858221778
-1.53564056023976
-1.34351216463536
-1.10813197122877
-0.869758362437563
-0.669993703096903
-0.535351100899101
-0.441272331668332
-0.398142714085914
-0.384091988811189
-0.360999927272727
-0.339496208591409
-0.32923307012987
-0.308095892107892
-0.314143812987013
-0.330821412987013
-0.346277210789211
-0.364237703096903
-0.376638995404595
-0.358250872327672
-0.326606195404595
-0.30131488991009
-0.242118573426573
-0.174430731668332
-0.109858485514486
-0.0343511096903097
0.0458602045954046
0.11580838041958
0.167368433166833
0.216607061738262
0.282645470529471
0.341902877122877
0.389308802397602
0.440746674925075
0.443068099100899
0.427551211188811
0.380206376023976
0.3547318001998
0.29901761998002
0.249351360639361
0.148491589210789
0.14342111008991
-0.357762151448552
-1.71921634045954
-3.11989038001998
-4.62398997562438
-6.01537831848152
-7.26717576023976
-8.09317513606394
-8.47547704375624
-8.18652082397603
-6.97149962837163
-4.66137712287712
-1.14765727232767
3.56098512767233
8.66683542217782
13.0948909474525
16.350688354046
18.4206656375624
19.3960914221778
19.5069699716284
19.1117169606394
18.4618403716284
17.3478011276723
15.5987912815185
13.4583160111888
11.290105830969
9.23362946173826
7.55682812547453
6.52434417822178
5.62198216503497
4.56231311888112
3.19817096503497
1.74544815184815
0.527189180419581
-0.416591927272727
-1.12212160639361
-1.71164116683317
-2.16370798001998
-2.42065298221778
-2.49512182617383
-2.55896099100899
-2.70154530749251
-2.95348092067932
-3.21567967232767
-3.48905791408591
-3.75852638881119
-3.96977598881119
-4.07301827452547
-4.10692328551449
-4.09024568551449
-3.9901189954046
-3.75864856903097
-3.41788793606394
-3.16405852947053
-3.1827521030969
-3.51214997562438
-3.97368575584416
-4.28439005474525
-4.48653722837163
-4.51799863496504
-4.43283902177822
-4.29074342617383
-4.16630287232767
-3.75877074925075
-3.33004035804196
-3.05275234925075
-2.80484868331668
-2.50355226133866
-2.25161664815185
-2.11782930749251
-2.11526352287712
-2.11605769430569
-2.1820961030969
-2.14299843276723
-2.18069103056943
-2.06516963276723
-2.12668737342657
-2.04073358881119
-2.28918706573427
-2.27709122397602
-2.68193538221778
-2.6454034965035
-3.0913612987013
-2.65701061738262
-3.21928398881119
0.437081268331668
-0.209191004195804
-2.23793246353646
-1.67382638881119
-2.30201598881119
-2.04555970749251
-2.21031973386613
-1.78415512727273
-2.13878321518482
-2.52908792727273
-2.98347616463537
-2.97474027892108
-2.94266797122877
-2.71895598881119
-2.59744776023976
-2.40874041078921
-2.35956287232767
-2.37324705694306
-2.47722242397602
-2.5193745998002
-2.5811367008991
-2.54093940859141
-2.56452019100899
-2.59091111848152
-2.56543654265734
-2.46494331188811
-2.32455823936064
-2.24312512287712
-2.32730729430569
-2.45584088551449
-2.57661603276723
-2.70533289430569
-2.99355603276723
-3.47054761078921
-3.79713533826174
-3.43456553606394
-2.44160688991009
-1.60387821298701
-1.51474774265734
-2.04769786133866
-2.57343934705295
-2.65682734705295
-2.38540398881119
-2.06529181298701
-1.87236924595405
-1.85770761958042
-1.92289076683317
-1.94017926793207
-1.94665481958042
-1.88519816903097
-1.82575749210789
-1.77743521518482
-1.72947947892108
-1.69184797122877
-1.71396259100899
-1.72941838881119
-1.73192308331668
-1.71048045474526
-1.65696551848152
-1.59404270529471
-1.58402392727273
-1.59978517562438
-1.62348813826174
-1.6354617998002
-1.58445155804196
-1.55317342177822
-1.53185297342657
-1.52543851188811
-1.50680602837163
-1.45439071408591
-1.38401490749251
-1.33673116243756
-1.29366263496504
-1.26403393166833
-1.2265246041958
-1.18901527672328
-1.16573994485514
-1.15046741738262
-1.14179262177822
-1.11912819100899
-1.12566483276723
-1.12456521078921
-1.14160935144855
-1.1413039008991
-1.15504917562438
-1.17038279320679
-1.17239876683317
-1.18058484155844
-1.1703217030969
-1.1678780987013
-1.14698528111888
-1.14277006353646
-1.1221826965035
-1.10831524155844
-1.08613953166833
-1.0783199976024
-1.06506344375624
-1.04972982617383
-1.04771385254745
-1.03347985694306
-1.03378530749251
-1.00818855144855
-0.995787259140859
-0.983141606393606
-0.97403918001998
-0.954429254745255
-0.951069298701299
-0.947648252547453
-0.939462177822178
-0.942883223976024
-0.928038327272727
-0.917042107492508
-0.921074054745255
-0.921257325074925
-0.914354142657343
-0.912460349250749
-0.903357922877123
-0.895232938261738
-0.900181237162837
-0.889062837162837
-0.885825061338661
-0.880021500899101
-0.880510221778222
-0.878127707492508
-0.878127707492508
-0.875256472327672
-0.875439742657343
-0.87922732947053
-0.864504612987013
-0.860839206393606
-0.848132463536464
-0.850942608591409
-0.844405966833167
-0.840862740459541
-0.838174775624376
-0.823574239360639
-0.815999065734266
-0.802681421778222
-0.800543267932068
-0.786797993206793
-0.771403285514486
-0.758940903096903
-0.714528393206793
-0.649039795404595
-0.575059672327672
-0.504011874525475
-0.471267575624376
-0.443105034965035
-0.421845676723277
-0.394721667932068
-0.349576076723277
-0.33448681958042
-0.33454790969031
-0.374561931668332
-0.439622898701299
-0.508104911888112
-0.539321958041958
-0.543109544855145
-0.548607654745255
-0.553128322877123
-0.565957245954046
-0.574815311888112
-0.553617043756244
-0.494970538261738
-0.417630459140859
-0.346399391008991
-0.303269773426573
-0.282315865734266
-0.281521694305694
-0.294411707492508
-0.291601562437563
-0.298138204195804
-0.317015048151848
-0.333692648151848
-0.357334520679321
-0.37382885034965
-0.382076015184815
-0.391850432767233
-0.400830678921079
-0.39600456023976
-0.396859821778222
-0.403518643756244
-0.411215997602398
-0.402113571228771
-0.402968832767233
-0.407367320679321
-0.408466942657343
-0.417080648151848
-0.404251725074925
-0.397348542657343
-0.39606565034965
-0.381220753646354
-0.388490476723277
-0.374256481118881
-0.378777149250749
-0.382992366833167
-0.386413412987013
-0.393316595404595
-0.392094793206793
-0.400280867932068
-0.383664358041958
-0.386779953646354
-0.376944445954046
-0.363687892107892
-0.349514986613387
-0.342978344855145
-0.321963347052947
-0.315060164635365
-0.29581678001998
-0.294839338261738
-0.289891039360639
-0.297099672327672
-0.297099672327672
-0.293128815184815
-0.296549861338661
-0.291662652547453
-0.293189905294705
-0.315976516283716
-0.319153201998002
-0.323246239360639
-0.332715206393606
-0.341145641558442
-0.339557298701299
-0.333387197602398
-0.338518766833167
-0.338640947052947
-0.331126863536464
-0.34035147012987
-0.252687162437563
-0.0697222833166833
0.00682362437562437
0.0942435716283716
0.142016037562438
0.0874014793206793
-0.0281199184815185
-0.0683172107892108
-0.0352063712287712
0.0682802749250749
0.177631571628372
0.236155896903097
0.238660591408591
0.197180406793207
0.128820573826174
0.0568564243756244
0.0600942001998002
0.102674006793207
0.122589382617383
0.127537681518482
0.0971148067932068
0.0682191848151848
0.0654090397602398
0.064431598001998
0.0881345606393606
0.113792406793207
0.0998027716283716
0.0622934441558442
0.0139711672327672
-0.0477909338661339
-0.169238072327672
-0.227395856943057
-0.171376226173826
-0.121648876723277
-0.0765032855144855
0.0542906397602398
0.1601598001998
0.158327096903097
0.0884400111888112
-0.000140648151848152
-0.0663012371628372
-0.105276727272727
-0.144863118481519
-0.185182591008991
-0.227518037162837
-0.284026388811189
-0.32941634045954
-0.37346230969031
-0.392522423976024
-0.405778977822178
-0.425572173426574
-0.438401096503497
-0.46259278001998
-0.488128445954046
-0.486051382217782
-0.492710204195804
-0.494542907492508
-0.498391584415584
-0.51238121958042
-0.51842914045954
-0.52380507012987
-0.531196973426573
-0.533029676723277
-0.556366098701299
-0.56278056023976
-0.59057656023976
-0.609270133866134
-0.62949096023976
-0.641892252547453
-0.646657281118881
-0.627413896503497
-0.609270133866134
-0.591798362437562
-0.576770195404595
-0.563086010789211
-0.555327566833167
-0.565346344855145
-0.572554977822178
-0.593020164635365
-0.623137588811189
-0.644091496503497
-0.650994678921079
-0.670238063536464
-0.674453281118881
-0.692780314085914
-0.692780314085914
-0.692780314085914
-0.671032234965035
-0.67909612947053
-0.671948586613387
-0.665350854745255
-0.673048208591409
-0.670299153646354
-0.666633747052947
-0.672376217382617
-0.682028454745255
-0.678240867932068
-0.67921830969031
-0.683616797602398
-0.689420358041958
-0.693269034965035
-0.694063206393606
-0.696628991008991
-0.719843232767233
-0.71831598001998
-0.726379874525475
-0.743179654745255
-0.747455962437563
-0.750571558041958
-0.765782995404595
-0.772869448151848
-0.776595944855145
-0.780383531668332
-0.77922281958042
-0.781422063536464
-0.79614478001998
-0.798221843756244
-0.797672032767233
-0.808912612987013
-0.815876885514486
-0.812394749250749
-0.801031988811189
-0.79626696023976
-0.789302687712288
-0.781666423976024
-0.767004797602398
-0.758513272327672
-0.751060278921079
-0.750388287712288
-0.749838476723277
-0.749227575624376
-0.745501078921079
-0.744890177822178
-0.740125149250749
-0.740002969030969
-0.7293121998002
-0.730656182217782
-0.722286837162837
-0.717949439360639
-0.719049061338661
-0.70719758001998
-0.7126345998002
-0.704204164635365
-0.710190995404595
-0.71251241958042
-0.709641184415584
-0.691008700899101
-0.695407188811189
-0.686426942657343
-0.684472059140859
-0.694735197602398
-0.692169412987013
-0.697117711888112
-0.697667522877123
-0.692535953646354
-0.693146854745255
-0.684594239360639
-0.693207944855145
-0.69064216023976
-0.69070325034965
-0.686243672327672
-0.695468278921079
-0.697239892107892
-0.704815065734266
-0.707747391008991
-0.703287812987013
-0.704020894305694
-0.706831039360639
-0.700844208591409
-0.687832015184815
-0.690947610789211
-0.688931637162837
-0.697362072327672
-0.697056621778222
-0.700355487712288
-0.69626245034965
-0.69033670969031
-0.679768120679321
-0.680989922877123
-0.679035039360639
-0.674697641558442
-0.669443892107892
-0.667550098701299
-0.654415725074925
-0.651177949250749
-0.641098081118881
-0.627780437162837
-0.620327443756244
-0.624603751448552
-0.620877254745255
-0.621732516283716
-0.613912982217782
-0.604321834965035
-0.594303056943057
-0.577869817382617
-0.566568147052947
-0.561619848151848
-0.558015531668332
-0.562291839360639
-0.550562538261738
-0.539871769030969
-0.537794705294705
-0.526187584415584
-0.523316349250749
-0.525087962437563
-0.524599241558442
-0.516229896503496
-0.517512788811189
-0.503400973426573
-0.502851162437562
-0.504989316283716
-0.501873720679321
-0.495214898701299
-0.491060771228771
-0.489594608591409
-0.486540103096903
-0.463814582217782
-0.448725325074925
-0.432719716283716
-0.438340006393606
-0.435590951448551
-0.435346591008991
-0.431864454745255
-0.421479136063936
-0.422639848151848
-0.411582538261738
-0.40681750969031
-0.419218801998002
-0.403213193206793
-0.389895549250749
-0.380976393206793
-0.364726423976024
-0.352630582217782
-0.35140878001998
-0.347865553646354
-0.344444507492508
-0.343528155844156
-0.337113694305694
-0.337296964635365
-0.317625949250749
-0.306202098701299
-0.29575568991009
-0.280055531668332
-0.277673017382617
-0.275840314085914
-0.270708744855145
-0.274190881118881
-0.282193685514486
-0.285736911888112
-0.263133571228771
-0.253908964635365
-0.235581931668332
-0.227212586613387
-0.210596076723277
-0.207969201998002
-0.194590467932068
-0.189275628371628
-0.179928841558442
-0.175835804195804
-0.174064191008991
-0.178218318481519
-0.166061386613387
-0.164411953646354
-0.154820806393606
-0.133317087712288
-0.127452437162837
-0.116822758041958
-0.114990054745255
-0.09568558001998
-0.0887213074925075
-0.0855446217782218
-0.09012638001998
-0.0919590833166833
-0.0777250877122877
-0.0711273558441559
-0.0520672415584416
-0.0360616327672328
-0.00796018221778222
0.00816760679320679
0.0145209782217782
0.0207521694305694
0.0193470969030969
0.0233790441558442
0.0322371100899101
0.0252728375624376
0.0339476331668332
0.0352916155844156
0.0528244771228771
0.0693188067932068
0.0814146485514486
0.105361971628372
0.101940925474525
0.0902116243756244
0.0888065518481519
0.0842247936063936
0.0969315364635365
0.11006591008991
0.112081883716284
0.120817769430569
0.134196503496504
0.151546094705295
0.160770701298701
0.163886296903097
0.166207721078921
0.168834595804196
0.167857154045954
0.178547923276723
0.184962384815185
0.189055422177822
0.198341118881119
0.213919096903097
0.218439765034965
0.225342947452547
0.216851422177822
0.218623035364635
0.217828863936064
0.225709488111888
0.228275272727273
0.250267712287712
0.264868248551449
0.267617303496504
0.273787404595405
0.275864468331668
0.271527070529471
0.27702518041958
0.282889830969031
0.290892635364635
0.296940556243756
0.311052371628372
0.324003474925075
0.33793201998002
0.344590841958042
0.33787092987013
0.344774112287712
0.340375624375624
0.35460961998002
0.369210156243756
0.379351114485515
0.398044688111888
0.403848248551449
0.396395255144855
0.407513655144855
0.401893365034965
0.414722288111888
0.422175281518482
0.439341602397602
0.450215641958042
0.453270147452547
0.450826543056943
0.449482560639361
0.457057734265734
0.46041769030969
0.465304899100899
0.471047369430569
0.468542674925075
0.482715580419581
0.484792644155844
0.494200521078921
0.500920433166833
0.503058587012987
0.515032248551449
0.515154428771229
0.520774718881119
0.52676154965035
0.525234296903097
0.526150648551449
0.536719237562438
0.52676154965035
0.535619615584416
0.555168450749251
0.570074437562438
0.572701312287712
0.567569743056943
0.576611079320679
0.575877998001998
0.576244538661339
0.581742648551449
0.569646806793207
0.575206006793207
0.586813127672328
0.588462560639361
0.590478534265734
0.597687167232767
0.604468169430569
0.608988837562438
0.603979448551449
0.595487923276723
0.602452195804196
0.597809347452548
0.608500116683317
0.620046147452547
0.630492556243756
0.627315870529471
0.634891044155844
0.650896652947053
0.666596811188811
0.689872143056943
0.687856169430569
0.695981154045954
0.687000907892108
0.67704321998002
0.664458657342657
0.656272582617383
0.664458657342657
0.674049804595405
0.689811052947053
0.712536573826174
0.731718868331668
0.747663387012987
0.744547791408592
0.736178446353646
0.73239085954046
0.7327574001998
0.738866411188811
0.75462765954046
0.758415246353646
0.766295870529471
0.773687773826174
0.780896406793207
0.800933962837163
0.806920793606394
0.81070838041958
0.797757277122877
0.800078701298701
0.801056143056943
0.813335255144855
0.817245022177822
0.826225268331668
0.833739351848152
0.834838973826174
0.829829584815185
0.815534499100899
0.814190516683317
0.806432072727273
0.814679237562438
0.814434877122877
0.820421707892108
0.823231852947053
0.818650094705295
0.831356837562438
0.84357485954046
0.852371835364635
0.848339888111888
0.856953593606394
0.853960178221778
0.858358666133866
0.857686674925075
0.852616195804196
0.851822024375624
0.848156617782218
0.859397198001998
0.873570103496504
0.871065408991009
0.871004318881119
0.866422560639361
0.846018463936064
0.844674481518482
0.842780688111888
0.852616195804196
0.854448899100899
0.874914085914086
0.897517426573427
0.892935668331668
0.883466701298701
0.880351105694306
0.867949813386613
0.862573883716284
