-0.571210995404595
-0.564246722877123
-0.572432797602398
-0.588316226173826
-0.579946881118881
-0.585444991008991
-0.586850063536464
-0.579763610789211
-0.569805922877123
-0.563819092107892
-0.554838845954046
-0.552211971228771
-0.563880182217782
-0.573165878921079
-0.578786169030969
-0.582695936063936
-0.589782388811189
-0.580435601998002
-0.578969439360639
-0.570172463536464
-0.556243918481519
-0.56235292947053
-0.558809703096903
-0.570661184415584
-0.578358538261738
-0.597479742657343
-0.614218432767233
-0.62930768991009
-0.626069914085914
-0.615073694305694
-0.615379144855145
-0.591248551448551
-0.581474133866134
-0.578419628371628
-0.585322810789211
-0.584101008591409
-0.592531443756244
-0.60719307012987
-0.60682652947053
-0.612263549250749
-0.617028577822178
-0.619533272327672
-0.61825038001998
-0.610797386613387
-0.614035162437563
-0.609819944855145
-0.606765439360639
-0.614829333866134
-0.618983461338661
-0.643236234965035
-0.642014432767233
-0.650322687712288
-0.639204287712288
-0.64024281958042
-0.641770072327672
-0.637615944855145
-0.637738125074925
-0.63492798001998
-0.629674230569431
-0.638043575624376
-0.640914810789211
-0.647084911888112
-0.650017237162837
-0.656553878921079
-0.665900665734266
-0.661746538261738
-0.666817017382617
-0.650444867932068
-0.65685932947053
-0.65136121958042
-0.658814212987013
-0.656614969030969
-0.660952366833167
-0.656798239360639
-0.660646916283716
-0.669688252547453
-0.685571681118881
-0.694246476723277
-0.693330125074925
-0.688320736063936
-0.678668498701299
-0.667183558041958
-0.6681609998002
-0.67952376023976
-0.684166608591409
-0.695407188811189
-0.703959804195804
-0.711962608591409
-0.708113931668332
-0.705120516283716
-0.702004920679321
-0.705303786613387
-0.70157728991009
-0.694429747052947
-0.69626245034965
-0.701149659140859
-0.70188274045954
-0.70725867012987
-0.71281787012987
-0.7181937998002
-0.718926881118881
-0.721309395404595
-0.715139294305694
-0.720454133866134
-0.724730441558442
-0.716116736063936
-0.722225747052947
-0.734443769030969
-0.732549975624376
-0.72955656023976
-0.734016138261738
-0.73517685034965
-0.74024732947053
-0.746783971228771
-0.745195628371628
-0.74030841958042
-0.739086617382617
-0.733771777822178
-0.739636428371628
-0.734199408591409
-0.753870423976024
-0.741957852547453
-0.742507663536464
-0.753931514085914
-0.750021747052947
-0.763400481118881
-0.769265131668332
-0.763705931668332
-0.757841281118881
-0.755031136063936
-0.754175874525475
-0.747333782217782
-0.747028331668332
-0.749105395404595
-0.747150511888112
-0.745195628371628
-0.755214406393606
-0.761689958041958
-0.765172094305694
-0.765477544855145
-0.771525465734266
-0.756497298701299
-0.758024551448552
-0.750143927272727
-0.736581922877123
-0.735543391008991
-0.748433404195804
-0.756558388811189
-0.775068692107892
-0.776718125074925
-0.7793449998002
-0.776473764635365
-0.770548023976024
-0.756619478921079
-0.7459897998002
-0.734627039360639
-0.730045281118881
-0.724913711888112
-0.735971021778222
-0.743973826173826
-0.7682265998002
-0.782277325074925
-0.784048938261738
-0.78520965034965
-0.784354388811189
-0.759429623976024
-0.746845061338661
-0.738781166833167
-0.733710687712288
-0.730167461338661
-0.744645817382617
-0.761995408591409
-0.764988823976024
-0.782460595404595
-0.778550828371628
-0.761506687712288
-0.749716296503497
-0.753442793206793
-0.742507663536464
-0.741346951448551
-0.731389263536464
-0.733588507492508
-0.739269887712288
-0.748250133866134
-0.762239769030969
-0.767371338261738
-0.773113808591409
-0.76291176023976
-0.760162705294705
-0.747455962437563
-0.728823478921079
-0.722042476723277
-0.714467303096903
-0.704020894305694
-0.695712639360639
-0.702127100899101
-0.699072595404595
-0.715017114085914
-0.716422186613387
-0.731694714085914
-0.740064059140859
-0.759124173426573
-0.761079056943057
-0.76248412947053
-0.754236964635365
-0.744951267932068
-0.729862010789211
-0.716238916283716
-0.706159048151848
-0.701943830569431
-0.698400604195804
-0.70163838001998
-0.703654353646354
-0.71287896023976
-0.722347927272727
-0.719232331668332
-0.715689105294705
-0.713550951448552
-0.697911883316683
-0.694124296503497
-0.686182582217782
-0.691130881118881
-0.713734221778222
-0.718560340459541
-0.725402432767233
-0.725096982217782
-0.716971997602398
-0.715872375624376
-0.710801896503497
-0.69051998001998
-0.683433527272727
-0.667550098701299
-0.665167584415584
-0.671704226173826
-0.670971144855145
-0.671459865734266
-0.675797263536464
-0.677263426173826
-0.678301958041958
-0.674575461338661
-0.671032234965035
-0.669688252547453
-0.663945782217782
-0.664556683316683
-0.656614969030969
-0.656065158041958
-0.660830186613387
-0.654782265734266
-0.656737149250749
-0.652460841558442
-0.643419505294705
-0.64586310969031
-0.647756903096903
-0.644885667932068
-0.6348057998002
-0.627963707492508
-0.624603751448552
-0.630651672327672
-0.62380958001998
-0.632667645954046
-0.635783241558442
-0.615256964635365
-0.614707153646354
-0.607987241558442
-0.602611311888112
-0.605726907492508
-0.60175605034965
-0.602061500899101
-0.611163927272727
-0.602794582217782
-0.591309641558442
-0.586300252547453
-0.585750441558442
-0.581596314085914
-0.576159294305694
-0.569867012987013
-0.559664964635365
-0.571577536063936
-0.560520226173826
-0.564857623976024
-0.569989193206793
-0.559787144855145
-0.554044674525475
-0.550195997602398
-0.535351100899101
-0.529730810789211
-0.526248674525475
-0.518795681118881
-0.523255259140859
-0.513541931668332
-0.525332322877123
-0.522827628371628
-0.518734591008991
-0.515618995404595
-0.503400973426573
-0.50120172947053
-0.493993096503497
-0.488006265734266
-0.496619971228771
-0.491732762437562
-0.488006265734266
-0.484524129470529
-0.477926397602398
-0.489411338261738
-0.477620947052947
-0.471695206393606
-0.45709467012987
-0.455017606393606
-0.445059918481518
-0.447136982217782
-0.453001632767233
-0.447686793206793
-0.449702766833167
-0.436996023976024
-0.438645456943057
-0.441272331668332
-0.427649237162837
-0.424533641558442
-0.41787481958042
-0.414759223976024
-0.419035531668332
-0.402113571228771
-0.40150267012987
-0.4068785998002
-0.404496085514486
-0.399853237162837
-0.400769588811189
-0.390872991008991
-0.389406828371628
-0.378532788811189
-0.3735233998002
-0.369247092107892
-0.361427558041958
-0.36246608991009
-0.365276234965035
-0.357273430569431
-0.355013096503497
-0.355990538261738
-0.348904085514486
-0.352630582217782
-0.344322327272727
-0.338457676723277
-0.339374028371628
-0.339251848151848
-0.324773492107892
-0.333203927272727
-0.330210511888112
-0.326972736063936
-0.323185149250749
-0.325201122877123
-0.320375004195804
-0.322452067932068
-0.322452067932068
-0.314876894305694
-0.308462432767233
-0.307179540459541
-0.307423900899101
-0.309317694305694
-0.299237826173826
-0.296916401998002
-0.291662652547453
-0.301864700899101
-0.302475601998002
-0.287203074525475
-0.283537667932068
-0.285064920679321
-0.288485966833167
-0.275595953646354
-0.271808366833167
-0.266188076723277
-0.260079065734266
-0.259284894305694
-0.254458775624376
-0.268814951448552
-0.265638265734266
-0.261484138261738
-0.253970054745255
-0.244501087712288
-0.250793369030969
-0.244928718481519
-0.247494503096903
-0.246822511888112
-0.244989808591409
-0.246822511888112
-0.237903355844156
-0.233016147052947
-0.239247338261738
-0.233199417382617
-0.234115769030969
-0.222203197602398
-0.216033096503497
-0.217132718481519
-0.205831048151848
-0.20662521958042
-0.200516208591409
-0.192024683316683
-0.199355496503497
-0.199355496503497
-0.201738010789211
-0.198255874525475
-0.196545351448551
-0.190619610789211
-0.186343303096903
-0.178218318481519
-0.1678329998002
-0.157325500899101
-0.170154423976024
-0.170704234965035
-0.178707039360639
-0.174919452547453
-0.178157228371628
-0.172109307492508
-0.171864947052947
-0.164900674525475
-0.159830195404595
-0.159097114085914
-0.14541292947053
-0.147123452547453
-0.141686432767233
-0.137104674525475
-0.151766300899101
-0.160441096503497
-0.151827391008991
-0.154515355844156
-0.152071751448551
-0.14590165034965
-0.143763496503497
-0.139792639360639
-0.136432683316683
-0.120671434965035
-0.124336841558442
-0.125069922877123
-0.120060533866134
-0.125619733866134
-0.112057729470529
-0.118288920679321
-0.108147962437562
-0.11217990969031
-0.10704834045954
-0.109797395404595
-0.0994731668331668
-0.0981902745254745
-0.0918369030969031
-0.0963575712287713
-0.0924478041958042
-0.0920812635364635
-0.0926310745254745
-0.0904318305694306
-0.0867053338661339
-0.0746094921078921
-0.0730211492507493
-0.0744873118881119
-0.0759534745254745
-0.0763200151848152
-0.0776639976023976
-0.0643463536463537
-0.0721047976023976
-0.0718604371628372
-0.057320991008991
-0.0613529382617383
-0.0525559624375624
-0.0433313558441559
-0.0416208327672328
-0.0338012987012987
-0.0344732899100899
-0.0292195404595405
-0.0280588283716284
-0.0320907756243756
-0.0199949338661339
-0.0204225646353646
-0.0106481470529471
-0.0168793382617383
-0.013397201998002
-0.0154131756243756
-0.0202392943056943
-0.0155353558441558
-0.0251265030969031
-0.0277533778221778
-0.01785678001998
-0.00863217342657344
-0.0129695712287712
-0.00753255144855146
-0.000262828371628374
-0.0059442085914086
-7.95580419580416E-05
-0.00765473166833168
-0.00973179540459541
-0.018406591008991
-0.00985397562437564
-0.0090598041958042
-0.000995909690309688
0.00847305734265734
0.0119551936063936
0.0211798001998002
0.0304654969030969
0.0290604243756244
0.03217601998002
0.0330312815184815
0.0191638265734266
0.0125050045954046
0.00890068811188811
0.00670144415584415
0.0114664727272727
0.0230735936063936
0.0212408903096903
0.0364523276723277
0.0440885914085914
0.048303808991009
0.0493423408591409
0.0452493034965035
0.0487314397602398
0.0524579364635365
0.0349250749250749
0.0295491452547453
0.0347418045954046
0.0312596683316683
0.0433555100899101
0.0512972243756244
0.0703573386613387
0.0688300859140859
0.0693188067932068
0.068891176023976
0.0707238793206793
0.0562455232767233
0.0484259892107892
0.0372464991008991
0.0225848727272727
0.0235623144855145
0.0298545958041958
0.0379184903096903
0.0572840551448551
0.0671806529470529
0.0790321342657343
0.0886843716283716
0.0850800551448551
0.0787877738261738
0.06553121998002
0.0519081254745255
0.0562455232767233
0.0523968463536464
0.0648592287712288
0.0756110881118881
0.083308441958042
0.0870349386613387
0.0866073078921079
0.0851411452547453
0.0864851276723277
0.0754889078921079
0.075549998001998
0.0693798969030969
0.0686468155844156
0.0772605210789211
0.0789710441558442
0.0845913342657343
0.105423061738262
0.108538657342657
0.11531965954046
0.114586578221778
0.10988263976024
0.107744485914086
0.0941213914085914
0.0900894441558442
0.0902727144855145
0.100535852947053
0.111593162837163
0.110554630969031
0.122283932067932
0.129126024375624
0.132974701298701
0.125582798001998
0.116236011188811
0.112509514485514
0.105361971628372
0.100413672727273
0.101207844155844
0.112509514485514
0.111287712287712
0.120206868331668
0.129126024375624
0.134990674925075
0.135540485914086
0.13211943976024
0.125399527672328
0.125338437562438
0.122345022177822
0.112387334265734
0.117763263936064
0.11556401998002
0.112753874925075
0.122772652947053
0.126254789210789
0.139266982617383
0.152523536463536
0.149407940859141
0.146475615584416
0.147819598001998
0.144032011188811
0.136884468331668
0.133585602397602
0.138961532067932
0.130714367232767
0.145742534265734
0.147086516683317
0.150385382617383
0.15447841998002
0.149591211188811
0.162664494705295
0.155211501298701
0.156433303496504
0.148369408991009
0.142932389210789
0.145864714485514
0.1490414001998
0.146170165034965
0.146047984815185
0.150813013386613
0.153012257342657
0.154906050749251
0.150813013386613
0.142688028771229
0.140183334265734
0.142810208991009
0.147697417782218
0.14867485954046
0.152462446353646
0.157777285914086
0.160465250749251
0.161625962837163
0.161809233166833
0.165963360639361
0.168895685914086
0.163214305694306
0.162236863936064
0.164375017782218
0.163947387012987
0.170056398001998
0.173049813386613
0.180747167232767
0.179464274925075
0.178120292507493
0.172927633166833
0.1601598001998
0.166146630969031
0.163092125474526
0.149652301298701
0.152828987012987
0.156494393606394
0.150813013386613
0.157594015584416
0.164130657342657
0.168834595804196
0.174454885914086
0.178486833166833
0.183312951848152
0.17653194965035
0.175798868331668
0.178731193606394
0.175737778221778
0.17653194965035
0.178670103496504
0.190582674925075
0.184595844155844
0.186917268331668
0.185267835364635
0.187528169430569
0.185634376023976
0.185634376023976
0.178731193606394
0.182824230969031
0.1823966001998
0.179891905694306
0.180075176023976
0.181785699100899
0.186184187012987
0.189421962837163
0.194492441958042
0.184229303496504
0.196264055144855
0.200479272727273
0.194309171628372
0.191193576023976
0.19901311008991
0.196325145254745
0.186367457342657
0.197363677122877
0.189238692507493
0.193820450749251
0.192293198001998
0.195347703496504
0.203717048551449
0.196264055144855
0.202617426573427
0.19333172987013
0.199562921078921
0.188444521078921
0.191193576023976
0.184779114485514
0.197913488111888
0.19876874965035
0.195897514485515
0.19901311008991
0.199318560639361
0.207810085914086
0.203045057342657
0.21550743976024
0.20457231008991
0.208970798001998
0.207077004595405
0.208115536463536
0.20451121998002
0.206588283716284
0.20475558041958
0.20988714965035
0.21013151008991
0.207993356243756
0.218073224375624
0.220822279320679
0.219050666133866
0.223937874925075
0.222777162837163
0.218928485914086
0.214407817782218
0.218073224375624
0.213369285914086
0.203717048551449
0.206832644155844
0.210986771628372
0.210375870529471
0.211475492507493
0.21000932987013
0.215263079320679
0.218500855144855
0.224304415584416
0.218500855144855
0.221616450749251
0.22668692987013
0.227358921078921
0.22668692987013
0.216668151848152
0.223937874925075
0.229741435364635
0.223265883716284
0.235300635364635
0.235422815584416
0.241837277122877
0.24318125954046
0.242692538661339
0.252039325474525
0.244708512287712
0.242997989210789
0.246235765034965
0.241470736463536
0.234628644155844
0.236278077122877
0.235117365034965
0.231696318881119
0.236033716683317
0.240920925474525
0.242387088111888
0.241287466133866
0.244464151848152
0.241470736463536
0.243120169430569
0.235422815584416
0.238966041958042
0.246846666133866
0.251611694705295
0.246907756243756
0.247763017782218
0.247029936463536
0.251672784815185
0.25985885954046
0.252894587012987
0.261019571628372
0.26572351008991
0.266273321078921
0.262852274925075
0.27109943976024
0.269144556243756
0.268044934265734
0.267739483716284
0.267739483716284
0.262424644155844
0.272932143056943
0.268655835364635
0.281912389210789
0.277269540859141
0.284905804595405
0.282889830969031
0.290220644155844
0.286677417782218
0.286982868331668
0.284050543056943
0.28240111008991
0.29345841998002
0.299628521078921
0.2991398001998
0.300605962837163
0.302744116683317
0.308303316683317
0.299384160639361
0.304943360639361
0.31031929030969
0.3102582001998
0.307142604595405
0.30995274965035
0.311357822177822
0.318566455144855
0.321865321078921
0.331823008991009
0.327180160639361
0.326141628771229
0.341536336463537
0.337504389210789
0.340803255144855
0.339947993606394
0.339092732067932
0.345751554045954
0.342147237562438
0.339825813386613
0.351921655144855
0.346912266133866
0.35454852987013
0.351738384815185
0.356686683716284
0.361024081518482
0.362123703496504
0.364261857342657
0.365117118881119
0.364506217782218
0.372570112287712
0.371714850749251
0.377335140859141
0.381733628771229
0.378251492507493
0.396211984815185
0.391874587012987
0.389308802397602
0.398411228771229
0.395112362837163
0.397678147452547
0.411423422177822
0.411667782617383
0.41551645954046
0.412400863936064
0.418143334265734
0.429261734265734
0.434087852947053
0.433599132067932
0.434332213386613
0.428650833166833
0.426573769430569
0.438425250749251
0.438669611188811
0.44343463976024
0.44936038041958
0.4492382001998
0.446061514485515
0.455225030969031
0.446305874925075
0.458951527672328
0.456324652947053
0.460845321078921
0.467259782617383
0.464999448551449
0.480455246353646
0.484303923276723
0.4881526001998
0.493039808991009
0.488458050749251
0.494383791408591
0.492062367232767
0.502264415584416
0.500065171628372
0.502203325474526
0.499576450749251
0.503730578221778
0.509595228771229
0.516192960639361
0.523890314485514
0.533176011188811
0.533298191408591
0.542217347452547
0.551197593606394
0.548570718881119
0.565309408991009
0.55498518041958
0.556878973826174
0.561521822177822
0.571784960639361
0.569524626573427
0.571662780419581
0.580826296903097
0.581864828771229
0.580520846353646
0.590417444155844
0.589623272727273
0.580948477122877
0.592433417782218
0.603063096903097
0.601230393606394
0.611982252947053
0.6048958001998
0.611065901298701
0.617663633166833
0.624383545254745
0.625483167232767
0.624688995804196
0.641672046353647
0.635807395804196
0.644115650749251
0.648147598001998
0.650224661738262
0.656700213386613
0.656944573826174
0.658044195804196
0.666535721078921
0.673561083716284
0.66580263976024
0.680403176023976
0.677470850749251
0.68229696943057
0.686878727672328
0.687489628771229
0.69897456943057
0.701173813386613
0.709787518881119
0.710703870529471
0.718889945254745
0.715468899100899
0.731046877122877
0.736667167232767
0.744486701298701
0.735689725474526
0.741432195804196
0.756338182617383
0.745769593606394
0.752917136463537
0.756277092507493
0.761958472727273
0.773260143056943
0.767700943056943
0.772160521078921
0.777475360639361
0.779918965034965
0.778025171628372
0.780896406793207
0.794824951848152
0.788532670529471
0.80466045954046
0.79940671008991
0.799589980419581
0.807653874925075
0.820116257342657
0.822376591408592
0.819383176023976
0.831784468331668
0.825980907892108
0.834044802397602
0.843086138661339
0.837588028771229
0.849622780419581
0.84956169030969
0.857197954045954
0.863856776023976
0.873264652947053
0.876319158441559
0.876074798001998
0.878151861738262
0.886704477122877
0.889942252947053
0.887926279320679
0.893241118881119
0.896234534265734
0.906864213386613
0.909002367232767
0.919693136463537
0.918410244155844
0.922564371628372
0.929773004595405
0.936981637562438
0.94926074965035
0.947366956243756
0.953964688111888
0.965388538661339
0.961784222177822
0.967709962837163
0.972474991408592
0.974735325474526
0.980172345254745
0.987014437562438
0.990191123276723
0.998804828771229
0.999843360639361
0.998193927672328
1.00051535184815
1.01096176063936
1.01065631008991
1.0174984023976
1.02507357602398
1.02702845954046
1.03362619140859
1.02910552327672
1.03637524635365
1.03906321118881
1.04517222217782
1.04932634965035
1.04981507052947
1.05323611668332
1.05965057822178
1.06130001118881
1.07406784415584
1.07394566393606
1.08133756723277
1.08286481998002
1.08958473206793
1.08390335184815
1.09233378701299
1.10131403316683
1.10387981778222
1.10308564635365
1.11438731668332
1.11475385734266
1.12556680679321
1.12281775184815
1.13155363756244
1.13271434965035
1.13246998921079
1.142916398002
1.15067484195804
1.15165228371628
1.14358838921079
1.15427915844156
1.16631391008991
1.16490883756244
1.16380921558442
1.17443889470529
1.18567947492507
1.17957046393606
1.19215502657343
1.19258265734266
1.19453754085914
1.20064655184815
1.20669447272727
1.2065112023976
1.20761082437562
1.20791627492508
1.21133732107892
1.22153936943057
1.23003089470529
1.22404406393606
1.23351303096903
1.2362009958042
1.23571227492508
1.24011076283716
1.24890773866134
1.24530342217782
1.24212673646354
1.25104589250749
1.24725830569431
1.26564642877123
1.25629964195804
1.26491334745255
1.2664406001998
1.26020940899101
1.26802894305694
1.26191993206793
1.26662387052947
1.27670373866134
1.27792554085914
1.27291615184815
1.27945279360639
1.27853644195804
1.27780336063936
1.27920843316683
1.2793917034965
1.28116331668332
1.28568398481518
1.28110222657343
1.2880664991009
1.28721123756244
1.28415673206793
1.28769995844156
1.28293492987013
1.28904394085914
1.27908625294705
1.27456558481518
1.28379019140859
1.27743681998002
1.27780336063936
1.26430244635365
1.26918965514486
1.26692932107892
1.26430244635365
1.25874324635365
1.25581092107892
1.24750266613387
1.24499797162837
1.24799138701299
1.23736170789211
1.2460365034965
1.23326867052947
1.23271885954046
1.23314649030969
1.23968313206793
1.22654875844156
1.23339085074925
1.23271885954046
1.23143596723277
1.2343072023976
1.23271885954046
1.23058070569431
1.23375739140859
1.23051961558442
1.23675080679321
1.23809478921079
1.2281371012987
1.23485701338661
1.23235231888112
1.24573105294705
1.23931659140859
1.24133256503497
1.24878555844156
1.24512015184815
1.25080153206793
1.2479302969031
1.24805247712288
1.2503739012987
1.2547112991009
1.26246974305694
1.26259192327672
1.25837670569431
1.2633250045954
1.26039267932068
1.26179775184815
1.26754022217782
1.27316051228771
1.26442462657343
1.27340487272727
1.27151107932068
1.27810881118881
1.28098004635365
1.27639828811189
1.27432122437562
1.27963606393606
1.27780336063936
1.27988042437562
1.27700918921079
1.28800540899101
1.28262947932068
1.28287383976024
1.293014798002
1.28727232767233
1.29002138261738
1.29191517602398
1.29142645514486
1.29332024855145
1.298573998002
1.30113978261738
1.3059659012987
1.30492736943057
1.30431646833167
1.30877604635365
1.31140292107892
1.31183055184815
1.31409088591409
1.31659558041958
1.31714539140859
1.31971117602398
1.32117733866134
1.32368203316683
1.33186810789211
1.33137938701299
1.33174592767233
1.33846583976024
1.33791602877123
1.34011527272727
1.33883238041958
1.34707954525475
1.34310868811189
1.35386054745255
1.35111149250749
1.35789249470529
1.35202784415584
1.36039718921079
1.36558984855145
1.37438682437562
1.37114904855145
1.37004942657343
1.38055692547453
1.3732872023976
1.3807401958042
1.38489432327672
1.38617721558442
1.37493663536464
1.3807401958042
1.38422233206793
1.38678811668332
1.3850165034965
1.38122891668332
1.3911866045954
1.3862993958042
1.39381347932068
1.38348925074925
1.38868191008991
1.38697138701299
1.38037365514486
1.38709356723277
1.39289712767233
1.39558509250749
1.38837645954046
1.38776555844156
1.39558509250749
1.39821196723277
1.40377116723277
1.39851741778222
1.40841401558442
1.40468751888112
1.39888395844156
1.40065557162837
1.41104089030969
1.40676458261738
1.40505405954046
1.41421757602398
1.41403430569431
1.41733317162837
1.41305686393606
1.42319782217782
1.41330122437562
1.41959350569431
1.41336231448551
1.41641681998002
1.41513392767233
1.41269032327672
1.42551924635365
1.42606905734266
1.42722976943057
1.42417526393606
1.43120062657343
1.42942901338661
1.4294901034965
1.41989895624376
1.42399199360639
1.41788298261738
1.41513392767233
1.41605027932068
1.41586700899101
1.41556155844156
1.42032658701299
1.41556155844156
1.42435853426573
1.41605027932068
1.42124293866134
1.42063203756244
1.41800516283716
1.4183717034965
1.42002113646354
1.42466398481518
1.41660009030969
1.41794407272727
1.41024671888112
1.4140953958042
1.40743657382617
1.4016941034965
1.40871946613387
1.40096102217782
1.39344693866134
1.38703247712288
1.36455131668332
1.35282201558442
1.34988969030969
1.3510504023976
1.35923647712288
1.35208893426573
1.35202784415584
1.35746486393606
1.35544889030969
1.3553878001998
1.35422708811189
1.35056168151848
1.35361618701299
1.35086713206793
1.35569325074925
1.35575434085914
1.35703723316683
1.35441035844156
1.34659082437562
1.34494139140859
1.33675531668332
1.34207015624376
1.3405429034965
1.34530793206793
1.34219233646354
1.33944328151848
1.34958423976024
1.3479958969031
1.3516613034965
1.35428817822178
1.34976751008991
1.35563216063936
1.3535550969031
1.35905320679321
1.35080604195804
1.36143572107892
1.35422708811189
1.36051936943057
1.36003064855145
1.36113027052947
1.36149681118881
1.36497894745255
1.37017160679321
1.36730037162837
1.35978628811189
1.36247425294705
1.35502125954046
1.34707954525475
1.3399320023976
1.34830134745255
1.34885115844156
1.34402503976024
1.34616319360639
1.34995078041958
1.34420831008991
1.34133707492508
1.33583896503497
1.33895456063936
1.33480043316683
1.33528915404595
1.331929198002
1.33058521558442
1.34494139140859
1.33773275844156
1.33681640679321
1.33394517162837
1.32887469250749
1.31726757162837
1.32172714965035
1.30773751448551
1.30401101778222
1.29845181778222
1.30107869250749
1.29594712327672
1.28959375184815
1.2898992023976
1.27810881118881
1.27737572987013
1.28201857822178
1.28611161558442
1.28550071448551
1.28116331668332
1.27450449470529
1.28049132547453
1.27810881118881
1.28036914525475
1.27713136943057
1.27890298261738
1.27548193646354
1.27560411668332
1.27462667492507
1.27273288151848
1.28061350569431
1.28403455184815
1.28232402877123
1.28525635404595
1.28446218261738
1.29716892547453
1.28488981338661
1.29533622217782
1.29105991448551
1.29741328591409
1.29478641118881
1.30285030569431
1.3077986045954
1.30682116283716
1.31433524635365
1.31745084195804
1.30975348811189
1.31787847272727
1.31195273206793
1.30785969470529
1.30468300899101
1.30834841558442
1.31995553646354
1.31855046393606
1.31836719360639
1.31836719360639
1.33205137822178
1.33608332547453
1.34714063536464
1.34824025734266
1.34384176943057
1.34805698701299
1.34170361558442
1.35361618701299
1.34176470569431
1.34396394965035
1.33852692987013
1.34506357162837
1.34451376063936
1.33076848591409
1.34200906613387
1.34048181338661
1.33034085514486
1.33644986613387
1.32740852987013
1.3393211012987
1.33602223536464
1.33980982217782
1.34439158041958
1.35282201558442
1.35569325074925
1.35624306173826
1.36326842437562
1.35966410789211
1.35880884635365
1.35728159360639
1.35813685514486
1.35868666613387
1.35483798921079
1.34439158041958
1.35019514085914
1.34891224855145
1.34988969030969
1.35282201558442
1.3424366969031
1.35447144855145
1.34127598481518
1.34347522877123
1.33284554965035
1.34481921118881
1.30950912767233
1.32026098701299
1.2831182001998
1.29949034965035
1.25801016503497
1.26265301338661
1.14175568591409
1.16655827052947
0.968381954045954
1.2164078001998
-0.204364885514486
-4.516349201998
-8.08810465694306
-10.0179412283716
-10.4945051756244
-9.9384629954046
-8.90310781298701
-7.82364557122877
-6.57954548331668
-4.75075195364635
-2.2229042965035
1.24951863976024
5.75876292107892
10.3157796683317
14.2910352991009
28.3453038001998
20.6285843892108
17.5508035628372
17.9448958617383
12.9669682573427
13.7092741826174
17.6272272903097
18.8010737518482
16.8278632023976
15.4194307188811
15.5229784551449
15.8852428067932
14.3099121430569
11.1740346221778
9.28971018261738
7.80021112327672
6.73229491228771
4.16424996283716
2.05315903536464
-0.814349632767233
-0.987417914085914
-9.13928217782218
-4.09055113606394
-3.75791548771229
-8.3126719008991
-12.4271518921079
-18.3469668107892
-14.672457791009
-18.94693278002
-21.1866794789211
-21.1225348635365
-19.1427265822178
-15.5842887712288
-16.981725034965
-18.1474465118881
-17.1698825734266
-16.7762179052947
-15.0267193382617
-14.3908323844156
-12.8858775272727
-11.5607108635365
-10.1534390921079
-9.24753385254745
-8.02243278881119
-7.13387714045954
-6.28240318881119
-5.983978001998
-5.56557183936064
-5.22181779100899
-4.91508434925075
-4.80206764595405
-3.47286903496504
-4.63571927672328
-4.38793779100899
-3.52412363716284
-2.76807243716284
-1.24295784375624
0.825675457342657
1.86872799360639
1.49943827932068
0.556329162837163
0.492734358441558
0.866483650749251
0.956102841958042
1.11646438041958
1.19783640679321
1.29729110569431
0.840764714485515
0.220394648551449
-0.247799953646354
-0.358800683316683
-0.749777386613387
-1.25169372947053
-1.59013293826174
-1.74689016023976
-1.81433364155844
-1.91238326793207
-2.08074761078921
-2.33323303496504
-2.49909268331668
-2.61125412507493
-2.67136679320679
-2.6700839008991
-2.60080771628372
-2.3909020987013
-2.17140533386613
-2.02057385254745
-1.93852983496504
-1.91116146573427
-1.76002453386613
-1.57760946573427
-1.42720561518482
-1.21381786133866
-0.984546678921079
-0.679951391008991
-0.355929448151848
-0.0912870921078921
0.0725565826173826
0.125766068331668
0.0762219892107892
-0.0554882877122877
-0.16807736023976
-0.35134768991009
-0.53504565034965
-0.722470107492508
-0.967807988811189
-1.16732828771229
-1.23605466133866
-1.28682054265734
-1.19371921518482
-1.14722964155844
-1.0221170965035
-0.933414256943057
-0.702738001998002
-0.287508525074925
0.0457991144855145
-0.271502916283716
-0.209740815184815
-0.38476398001998
-0.121465606393606
-0.280055531668332
0.137495369430569
-0.0854224415584416
0.727442560639361
0.864712037562438
5.80812372987013
1.03802467932068
-2.7967236987013
-0.754725685514486
-0.117433659140859
0.566653391408592
0.420831299100899
0.835388784815185
0.40488678041958
0.761897382617383
0.42107565954046
0.44929929030969
0.283622912287712
0.0211798001998002
-0.103932744855145
-0.0819403052947053
-0.0669732283716284
0.0290604243756244
-0.125741914085914
-0.0465691316683317
0.126376969430569
0.420709118881119
0.620534868331668
0.646192714485515
0.605140160639361
0.517231492507493
0.545699483716284
0.487358428771229
0.409285268331668
0.192598648551449
0.509045417782218
0.898006147452548
0.450460002397602
0.23768314965035
0.241104195804196
0.276047738661339
0.427856661738262
0.708748987012987
0.79372532987013
0.703678507892108
0.673438903496504
0.729825074925075
0.819016635364635
0.915050288111888
0.883466701298701
0.868621804595405
0.877602050749251
0.848584248551449
0.846812635364635
0.819444266133866
0.778941523276723
0.802644485914086
0.830501576023976
0.861535351848152
0.929650824375625
0.965632899100899
1.02562338701299
1.11640329030969
1.15366825734266
1.19783640679321
1.20394541778222
1.20779409470529
1.23253558921079
1.26625732987013
1.26448571668332
1.31415197602398
1.31500723756244
1.31903918481519
1.35520452987013
1.35935865734266
1.30364447712288
1.28232402877123
1.27022818701299
1.21909576503497
1.23583445514486
1.30321684635365
1.32918014305694
1.2473193958042
1.17101784855145
1.16668045074925
1.29350351888112
1.51122867052947
1.78924976063936
2.08205465734266
2.41334632327672
2.82069517602398
3.31094330789211
3.88506816063936
4.4463030001998
4.91852954965035
5.24859941338661
5.38623543096903
5.34805411228771
5.21243406833167
5.01187523756244
4.81284365954046
4.63482707932068
4.50305571228771
4.43707839360639
4.40714423976024
4.37201742657343
4.35063588811189
4.34477123756244
4.32546676283716
4.28667454305694
4.21397731228771
4.13926410789211
4.05850298261738
3.94902950569431
3.84670357162837
3.74254493426573
3.61804329030969
3.50545421778222
3.36769601998002
3.15950092547453
2.95503232767233
2.87042252547453
3.01337338261738
3.12584027492507
3.099754798002
3.03756506613387
2.88343471888112
2.65740131228771
2.51249557162837
2.46557836723277
2.46496746613387
2.45995807712288
2.38475615184815
2.27308343096903
2.16800844195804
2.08089394525475
2.03330474965035
2.02175871888112
1.99206892547453
1.95932462657343
1.89994503976024
1.78228548811189
1.67971519360639
1.61196626173826
1.56150583096903
1.55020416063936
1.53890249030969
1.52234707052947
1.53694760679321
1.55704625294705
1.60457435844156
1.66059398921079
1.72877055184815
1.79670275404595
1.88430597162837
1.95113855184815
2.02933389250749
2.11290516283716
2.17564470569431
2.22366153206793
2.24443216943057
2.22836547052947
2.21743034085914
2.20997734745255
2.21901868371628
2.2411333034965
2.23630718481519
2.19525463096903
2.11583748811189
2.03446546173826
1.95089419140859
1.87233231008991
1.83024122437562
1.8223606001998
1.83195174745255
1.8260870969031
1.81667921998002
1.77483249470529
1.74605905294705
1.72620476723277
1.71349802437562
1.69498772107892
1.68112026613387
1.65106393206793
1.61807527272727
1.59681591448551
1.58264300899101
1.57971068371628
1.56394943536464
1.55148705294705
1.53584798481518
1.50823525514486
1.47182554965035
1.44286883756244
1.42466398481518
1.41024671888112
1.37530317602398
1.34573556283716
1.31928354525475
1.29380896943057
1.26100358041958
1.23510137382617
1.20492285954046
1.17712685954046
1.1367462969031
1.08457534305694
0.973941154045954
0.631897628771229
0.00230295624375625
-0.607498520679321
-0.981736533866134
-0.995054177822178
-0.676835795404595
-0.208763373426573
0.295413303496504
0.778819343056943
1.09997005074925
1.53939121118881
1.75901015624376
1.3893539012987
1.09923696943057
1.06038365954046
0.628171132067932
-0.277550837162837
-0.614890423976024
-0.126597175624376
0.551380863936064
0.854326718881119
0.815045778221778
0.679914455144855
0.671728380419581
0.587729479320679
0.569096995804196
-0.0586649734265734
-0.933719707492508
-0.866459496503497
-0.56271947012987
-0.850331707492508
-1.47137376463536
-2.14965725474526
-2.09198819100899
-2.13976065694306
-3.08415266573427
-3.20572198441559
-3.19423704375624
-3.51086708331668
-3.84374709210789
-4.28891072287712
-4.61067233166833
-4.96145174265734
-5.18473609430569
-5.23116457782218
-5.16634797122877
-5.35719347452547
-5.46691131188811
-5.45353257782218
-5.144538801998
-5.20556782177822
-5.53325517122877
-5.25651697342657
-4.9913858965035
-4.79015507452548
-4.66687523276723
-4.4039433998002
-4.19984134265734
-4.20289584815185
-4.06440456903097
-3.75889292947053
-3.59364418221778
-3.55723447672328
-3.46358333826174
-3.36736641518482
-3.16338653826174
-2.98665285034965
-2.82439751848152
-2.60826070969031
-2.29841167232767
-2.00444606353646
-1.77291454705295
-1.67846923716284
-1.54376554485515
-1.41694247672328
-1.4433334041958
-1.33783078441558
-1.17808014705295
-0.978620938261738
-0.812394749250749
-0.626314274525475
-0.416225386613387
-0.227273676723277
-0.0874995052947053
0.0410340859140859
0.172316732067932
0.27146598041958
0.363712046353646
0.454247589210789
0.540384644155844
0.597442806793207
0.662381593606394
0.721028099100899
0.765135158441559
0.784500723276723
0.797818367232767
0.80478263976024
0.823659483716284
0.84363594965035
0.855670701298701
0.885299404595405
0.905214780419581
0.942785198001998
0.987686428771229
1.03307638041958
1.06710357162837
1.11383750569431
1.15275190569431
1.19649242437562
1.23027525514486
1.26094249030969
1.29038792327672
1.2991848991009
1.30126196283716
1.28941048151848
1.27456558481518
1.24371507932068
1.21805723316683
1.1978974969031
1.18396895184815
1.15495114965035
1.14566545294705
1.15812783536464
1.16368703536464
1.17236183096903
1.16179324195804
1.16332049470529
1.16839097382617
1.15476787932068
1.1472537958042
1.14371056943057
1.14584872327672
1.15183555404595
1.15672276283716
1.16930732547453
1.17596614745255
1.19643133426573
1.21304784415584
1.23009198481519
1.26375263536464
1.26961728591409
1.27065581778222
1.27090017822178
1.26778458261738
1.26051485954046
1.24994627052947
1.23730061778222
1.23888896063936
1.22496041558442
1.22447169470529
1.22954217382617
1.22563240679321
1.24243218701299
1.25489456943057
1.27804772107892
1.3016285034965
1.31231927272727
1.3337619012987
1.35447144855145
1.36552875844156
1.37847986173826
1.39204186613387
1.40676458261738
1.41403430569431
1.43065081558442
1.43584347492508
1.4455568023976
1.44842803756244
1.45478140899101
1.44732841558442
1.44879457822178
1.43590456503497
1.42496943536464
1.40224391448551
1.38012929470529
1.34726281558442
1.32355985294705
1.28525635404595
1.25684945294705
1.22575458701299
1.17162874965035
1.13173690789211
1.06594285954046
1.03387055184815
0.972719351848152
0.929345373826174
0.874608635364636
0.84369703976024
0.7994678001998
0.765440608991009
0.731107967232767
0.703922868331668
0.695858973826174
0.6660470001998
0.659143817782218
0.642160767232767
0.634219052947053
0.623650463936064
0.623711554045954
0.617602543056943
0.607156134265734
0.61033281998002
0.598420248551449
0.596892995804196
0.586385496903097
0.593105408991009
0.57141841998002
0.55474081998002
0.551441954045954
0.530976767232767
0.516376230969031
0.501897874925075
0.481738138661339
0.452720336463536
0.430605716683317
0.406963844155844
0.381489268331668
0.357358674925075
