0.0446384023976024
0.0406064551448551
0.0399344639360639
0.0337032727272727
0.0296713254745255
0.0231957738261738
0.0175754837162837
0.00609054305694305
0.0214241606393606
0.0197136375624376
0.0186751056943057
0.0219128815184815
0.033275641958042
0.0209354397602398
0.0282662529470529
0.0341309034965035
0.0202634485514486
0.02105761998002
0.0106723012987013
0.00725125514485514
0.0114053826173826
0.0118941034965035
0.00975594965034965
0.016598041958042
0.0094504991008991
0.016598041958042
0.00315821778221778
0.0144598881118881
0.00951158921078921
0.003280398001998
0.00541855184815185
0.00425783976023976
0.00236404635364634
0.0128715452547453
0.00590727272727273
0.0026694969030969
0.0145820683316683
0.00969485954045954
0.011038841958042
0.0204467188811189
0.0147653386613387
0.0118330133866134
0.011038841958042
0.0045022001998002
0.000531343056943051
0.00395238921078921
0.00578509250749251
-0.00777691188811189
-0.00154572067932068
-0.0053333074925075
0.00554073206793206
0.00346366833166833
0.00951158921078921
0.00321930789210789
-0.00808236243756244
-0.0232327096903097
-0.0238436107892108
-0.0199949338661339
-0.0265926657342657
-0.0328849470529471
-0.0248821426573427
-0.0269592063936064
-0.0246988723276723
-0.0258595844155844
-0.0268370261738262
-0.0304413426573427
-0.0353285514485515
-0.0481574745254745
-0.0593980547452548
-0.0590315140859141
-0.057870801998002
-0.060070045954046
-0.0557937382617383
-0.042292823976024
-0.0438811668331668
-0.0314187844155844
-0.021705456943057
-0.0203614745254745
-0.0235381602397602
-0.0181011404595405
-0.0148022745254745
-0.0132139316683317
-0.000568278921078927
0.0107944815184815
0.00566291228771228
0.0150096991008991
0.016048230969031
0.0258226485514486
0.0289993342657343
0.0258226485514486
0.0180031144855145
0.00694580459540459
0.00694580459540459
0.00291385734265734
0.00926722877122877
0.00755670569430569
0.00547964195804195
0.00150878481518481
0.00114224415584416
0.0076177958041958
0.0201412683316683
0.0282051628371628
0.0197747276723277
0.0192860067932068
0.022157241958042
0.0076177958041958
0.0172700331668332
0.0175754837162837
0.0162315012987013
0.0236844947052947
0.0250895672327672
0.0249062969030969
0.030526587012987
0.0218517914085914
0.0198969078921079
0.0203856287712288
0.0146431584415584
0.0187361958041958
0.0252728375624376
0.0402399144855145
0.0465321958041958
0.0494645210789211
0.0560011628371628
0.0549015408591409
0.0514194045954046
0.0531910177822178
0.056062252947053
0.0494645210789211
0.0413395364635365
0.029426965034965
0.0144598881118881
0.0320538397602398
0.0387737518481518
0.0404842749250749
0.05441281998002
0.0520913958041958
0.0648592287712288
0.0725565826173826
0.0680359144855145
0.0740227452547453
0.0679748243756244
0.0607661914085914
0.0604607408591409
0.0608272815184815
0.053863008991009
0.0675471936063936
0.0714569606393606
0.0729842133866134
0.0734729342657343
0.0703573386613387
0.0657144903096903
0.0717013210789211
0.0687079056943057
0.0693798969030969
0.0701740683316683
0.0749390969030969
0.0732285738261738
0.0845913342657343
0.0801317562437563
0.085018965034965
0.073900565034965
0.0796430353646354
0.0762830793206793
0.0654701298701299
0.0630876155844156
0.058872398001998
0.0595443892107892
0.0567342441558442
0.0601552903096903
0.0733507540459541
0.0652868595404595
0.0793375848151848
0.072739852947053
0.0725565826173826
0.072739852947053
0.0624156243756244
0.0574062353646354
0.0476929078921079
0.0513583144855145
0.0458602045954046
0.0582004067932068
0.0528244771228771
0.0543517298701299
0.0566120639360639
0.053863008991009
0.0552069914085914
0.0673028331668332
0.0636374265734266
0.0697464375624376
0.0608272815184815
0.0576505958041958
0.0589334881118881
0.066630841958042
0.0676693738261738
0.07109041998002
0.0765885298701299
0.0740838353646354
0.0658366705294705
0.0690744463536464
0.0783601430569431
0.083308441958042
0.0760387188811189
0.0691355364635365
0.066630841958042
0.0631487056943057
0.066630841958042
0.0625988947052947
0.0661421210789211
0.0621101738261738
0.0684635452547453
0.0726787628371628
0.0762219892107892
0.0718845914085914
0.0837971628371628
0.0726176727272727
0.0696242573426573
0.0571007848151848
0.060521830969031
0.0642483276723277
0.0725565826173826
0.0685857254745255
0.0643705078921079
0.0695020771228771
0.0712736903096903
0.0745725562437562
0.0768939804195804
0.0840415232767233
0.0803761166833167
0.0702962485514486
0.0728009430569431
0.0697464375624376
0.0603385606393606
0.0637596067932068
0.0588113078921079
0.056673154045954
0.0595443892107892
0.0704795188811189
0.0781768727272727
0.0689522661338661
0.0747558265734266
0.0723733122877123
0.073900565034965
0.0823310001998002
0.0904559848151848
0.0867294881118881
0.0979700683316683
0.0906392551448552
0.0907614353646354
0.0919832375624376
0.0955875540459541
0.0941213914085914
0.0968704463536464
0.0939992111888112
0.0828197210789211
0.0943046617382617
0.102490736463536
0.111226622177822
0.108844107892108
0.125582798001998
0.116785822177822
0.114281127672328
0.114708758441558
0.106400503496504
0.113486956243756
0.117091272727273
0.124360995804196
0.12649914965035
0.129003844155844
0.12674351008991
0.127537681518482
0.125643888111888
0.131264178221778
0.133402332067932
0.13218052987013
0.130897637562438
0.136029206793207
0.141893857342657
0.150263202397602
0.153562068331668
0.154050789210789
0.156066762837163
0.15466169030969
0.163275395804196
0.159426718881119
0.163886296903097
0.163703026573427
0.168773505694306
0.160892881518482
0.169262226573427
0.162969945254745
0.156494393606394
0.144765092507493
0.152401356243756
0.167062982617383
0.161564872727273
0.15997652987013
0.16559681998002
0.167673883716284
0.172744362837163
0.171828011188811
0.174210525474525
0.185084565034965
0.17647085954046
0.183007501298701
0.183129681518482
0.182579870529471
0.178425743056943
0.188261250749251
0.184412573826174
0.186672907892108
0.184595844155844
0.177998112287712
0.18765034965035
0.18227441998002
0.188261250749251
0.187528169430569
0.188749971628372
0.191865567232767
0.196447325474525
0.191315756243756
0.19901311008991
0.18807798041958
0.203839228771229
0.205671932067932
0.212147483716284
0.216362701298701
0.209459518881119
0.222044081518482
0.214163457342657
0.211170041958042
0.216545971628372
0.206710463936064
0.215324169430569
0.217095782617383
0.218745215584416
0.218500855144855
0.219233936463536
0.224060055144855
0.220577918881119
0.215935070529471
0.209459518881119
0.211842033166833
0.21013151008991
0.21544634965035
0.214102367232767
0.212758384815185
0.208298806793207
0.215996160639361
0.214346727672328
0.206954824375624
0.206221743056943
0.208604257342657
0.201212354045954
0.211964213386613
0.218195404595405
0.217767773826174
0.224365505694306
0.224243325474525
0.238416230969031
0.241165285914086
0.251061883716284
0.247274296903097
0.241898367232767
0.250145532067932
0.247946288111888
0.245319413386613
0.249840081518482
0.258087246353646
0.262058103496503
0.247640837562438
0.253077857342657
0.24916809030969
0.256010182617383
0.256926534265734
0.263402085914086
0.261386112287712
0.266028960639361
0.274276125474526
0.278918973826174
0.279713145254745
0.285150165034965
0.286555237562438
0.281301488111888
0.284355993606394
0.283012011188811
0.27116052987013
0.275681198001998
0.273298683716284
0.272748872727273
0.27696409030969
0.281851299100899
0.286921778221778
0.285944336463536
0.286677417782218
0.296879466133866
0.297612547452548
0.300239422177822
0.292114437562438
0.292053347452548
0.29351951008991
0.294130411188811
0.299689611188811
0.296390745254745
0.298345628771229
0.287532679320679
0.286310877122877
0.283195281518482
0.288510121078921
0.291381356243756
0.290709365034965
0.297123826573427
0.290953725474525
0.281973479320679
0.294008230969031
0.292236617782218
0.306104072727273
0.307325874925075
0.308120046353646
0.305065540859141
0.30451572987013
0.309586208991009
0.304882270529471
0.303782648551449
0.298467808991009
0.307203694705295
0.305248811188811
0.314839958441558
0.32125441998002
0.318810815584416
0.322964943056943
0.325408547452547
0.328585233166833
0.324186745254745
0.323942384815185
0.326324899100899
0.322720582617383
0.3213766001998
0.313251615584416
0.316672661738262
0.315328679320679
0.31593958041958
0.313801426573427
0.312090903496504
0.308364406793207
0.31569521998002
0.318932995804196
0.312579624375624
0.320582428771229
0.310930191408591
0.307814595804196
0.314106877122877
0.312213083716284
0.305981892507493
0.312518534265734
0.311052371628372
0.311663272727273
0.314717778221778
0.308730947452547
0.302621936463537
0.305676441958042
0.30451572987013
0.29333623976024
0.303843738661339
0.306165162837163
0.313434885914086
0.306592793606394
0.304027008991009
0.304882270529471
0.311174551848152
0.311663272727273
0.31038038041958
0.302988477122877
0.301827765034965
0.296390745254745
0.300422692507493
0.295535483716284
0.298101268331668
0.301949945254745
0.302805206793207
0.29889543976024
0.296329655144855
0.310563650749251
0.316611571628372
0.327729971628372
0.327607791408591
0.339520362837163
0.340558894705295
0.332983721078921
0.343857760639361
0.340803255144855
0.33225063976024
0.33780983976024
0.33255609030969
0.336038226573427
0.335244055144855
0.347584257342657
0.353754358441558
0.346912266133866
0.352288195804196
0.344163211188811
0.35454852987013
0.351005303496504
0.355098340859141
0.364017496903097
0.365361479320679
0.364567307892108
0.373975184815185
0.370737408991009
0.373608644155844
0.374463905694306
0.383932872727273
0.378495852947053
0.390958235364635
0.375930068331668
0.397983598001998
0.396761795804196
0.399755211188811
0.398227958441558
0.40452023976024
0.412156503496504
0.412278683716284
0.411851052947053
0.405680951848152
0.404275879320679
0.397678147452547
0.406719483716284
0.401221373826174
0.411851052947053
0.421808740859141
0.424435615584416
0.430239176023976
0.435187474925075
0.426207228771229
0.430422446353646
0.430605716683317
0.428101022177822
0.423091633166833
0.424069074925075
0.43243841998002
0.416860441958042
0.417165892507493
0.418876415584416
0.420159307892108
0.421014569430569
0.425474147452548
0.426329408991009
0.429567184815185
0.424924336463537
0.42712358041958
0.430361356243756
0.422114191408591
0.423152723276723
0.422053101298701
0.418448784815185
0.42675703976024
0.433476951848152
0.428650833166833
0.430239176023976
0.427429030969031
0.428895193606394
0.429628274925075
0.431277707892108
0.438730701298701
0.441235395804196
0.443251369430569
0.43775325954046
0.43775325954046
0.451254173826174
0.45473631008991
0.45436976943057
0.453270147452547
0.453086877122877
0.456385743056943
0.463777646353646
0.472024811188811
0.470375378221778
0.467626323276723
0.470497558441558
0.476606569430569
0.488274780419581
0.491573646353646
0.48803041998002
0.502875316683317
0.487663879320679
0.497621567232767
0.486319896903097
0.507823615584416
0.494200521078921
0.516681681518482
0.4881526001998
0.518392204595405
0.473429883716284
0.529816055144855
0.480760696903097
0.835327694705295
0.0938159408591409
-0.833409747052947
-1.61181992727273
-2.52322327672328
-2.57649385254745
-2.23884881518482
-1.65739314925075
-1.37344631848152
-1.20282164155844
-1.06738486793207
-0.934269518481519
-1.0227279976024
-1.18192882397602
-1.55708318881119
-1.73436668771229
-1.86992564155844
-1.93773566353646
-2.02637741298701
-2.00267445034965
-1.91592649430569
-1.7398647976024
-1.4594001030969
-1.15028414705295
-0.946854081118881
-1.02449961078921
-1.29891638441558
-0.711596067932068
0.0148264287712288
0.096137365034965
-0.453307083316683
-1.38499234925075
-2.09815829210789
-2.35357604155844
-2.21563457342657
-1.97781077562438
-1.86534388331668
-1.85734107892108
-1.82783455584416
-1.64731328111888
-1.26336194045954
-0.803597773426573
-0.353241483316683
-0.00172899100899102
0.367866173826174
0.650835562837163
0.76012576943057
0.845835193606394
0.890186613386614
0.987564248551449
1.03497017382617
1.06356034525475
1.05103687272727
0.987991879320679
0.909491088111888
0.882305989210789
0.875830437562438
0.912484503496504
0.966732521078921
1.03002187492507
1.08286481998002
1.13222562877123
1.15244645514486
1.18213624855145
1.16997931668332
1.12636097822178
1.06655376063936
0.998438288111888
0.979866894705295
0.962456213386613
0.970581198001998
0.989641312287712
1.01114503096903
1.02629537822178
1.04926525954046
1.0835979012987
1.10723977382617
1.12642206833167
1.10485725954046
1.07260168151848
1.04150681558442
1.03209893866134
1.03460363316683
1.04242316723277
1.05439682877123
1.06191091228771
1.09318904855145
1.12831586173826
1.18586274525475
1.23528464415584
1.26637951008991
1.2911210045954
1.31629012987013
1.33162374745255
1.36644511008991
1.39387456943057
1.42093748811189
1.43608783536464
1.44158594525475
1.45215453426573
1.46376165514486
1.4671827012987
1.47371934305694
1.47286408151848
1.45685847272727
1.42680213866134
1.41146852107892
1.38807100899101
1.37072141778222
1.37402028371628
1.36534548811189
1.36229098261738
1.35153912327672
1.35954192767233
1.35496016943057
1.36558984855145
1.3782355012987
1.37175994965035
1.37151558921079
1.36198553206793
1.34536902217782
1.32826379140859
1.30150632327672
1.27004491668332
1.24066057382617
1.25917087712288
1.28134658701299
1.30407210789211
1.34384176943057
1.41464520679321
1.44873348811189
1.43016209470529
1.38330598041958
1.32282677162837
1.28385128151848
1.25629964195804
1.24621977382617
1.24292090789211
1.22477714525475
1.20614466173826
1.19685896503497
1.1947819012987
1.20473958921079
1.2281371012987
1.25049608151848
1.28733341778222
1.3053550001998
1.31812283316683
1.32716416943057
1.326369998002
1.3362665958042
1.35013405074925
1.36064154965035
1.37560862657343
1.39350802877123
1.40389334745255
1.41904369470529
1.42661886833167
1.44897784855145
1.45508685954046
1.4721310001998
1.48410466173826
1.45801918481518
1.33144047712288
1.36870544415584
1.42955119360639
1.40768093426573
1.38538304415584
1.43511039360639
1.32746961998002
1.27291615184815
0.242509268331668
-1.88354873606394
-2.95525253386613
-4.32580914925075
-6.16627088991009
-7.55949193606394
-7.8766106965035
-7.22765045914086
-5.87804775144855
-4.19544285474525
-2.26047471408591
0.0654090397602398
2.85380601558442
6.02065622217782
9.54048508371629
13.1095525738262
16.3533152287712
18.9116468507493
21.4910545606394
23.5602987628372
24.9436843012987
24.9988486705295
23.8765622617383
22.4292153782218
26.2709280287712
20.195944230969
18.7426716067932
16.7923698485514
12.0526936727273
10.2502910705295
10.5207980771229
10.4294072727273
9.84917340899101
8.57654423976024
7.38211041118881
6.82490751888112
5.3308267012987
3.12901696063936
0.496338674925075
-1.70205001958042
-2.7380161030969
-3.44250725034965
-5.20666744375624
-7.23766923716284
-8.14137523276723
-7.71569934705295
-6.73837976903097
-5.88617273606394
-6.46170266133866
-7.66212332067932
-7.40664448111888
-7.13027282397602
-6.15857353606394
-5.06567147012987
-4.56473256903097
-4.49264623936064
-4.73633468771229
-4.85093973386613
-4.67304533386613
-4.23570123716284
-3.71912326793207
-3.22679807232767
-2.90088233606394
-2.80692574705295
-2.91200073606394
-3.01011145254745
-2.8584857998002
-2.60563383496504
-2.15393356243756
-1.55689991848152
-0.302964322877123
0.897822877122877
1.39766215624376
1.80684371228771
1.86768946173826
1.07101333866134
-0.10698725034965
-0.719537782217782
-0.727296226173826
-0.4124377998002
-0.477682037162837
-1.12108307452547
-2.09742521078921
-2.69494757562438
-2.86483917122877
-3.20792122837163
-3.33810425254745
-3.32191537342657
-3.19668064815185
-2.98237654265734
-2.78646056023976
-2.77766358441558
-2.7553656943057
-2.80771991848152
-2.83991440639361
-2.80961371188811
-2.70722668771229
-2.60618364595405
-2.3130732987013
-2.25522096463536
-1.64975688551449
-2.26108561518482
-2.95036532507493
-2.36842093826174
-2.01770261738262
-1.71432913166833
-1.81164567672328
-1.96107208551449
-2.17720889430569
-2.20091185694306
-2.13963847672328
-1.96369896023976
-1.83663153166833
-1.67730852507493
-1.6261761030969
-1.58060288111888
-1.52226182617383
-1.38994064815185
-1.18834328551449
-0.879960410789211
-0.567301228371628
-0.225990784415584
0.0563066133866134
0.286371967232767
0.522240881518482
1.45264325514486
1.5864305958042
0.701357083716284
0.429139554045954
0.941624485914086
1.43413295184815
1.43773726833167
0.909124547452548
0.172255641958042
-0.227334766833167
-0.23448230969031
-0.197828243756244
-0.315365615184815
-0.652888472327672
-0.964264762437562
-0.990105878921079
-0.67365910969031
-0.279933351448551
-0.085116991008991
-0.109491944855145
-0.263988832767233
-0.388246116283716
-0.556549369030969
-0.7459897998002
-0.875928463536464
-0.927183065734266
-0.95180238001998
-0.850820428371628
-0.690092349250749
-0.5125033998002
-0.314632533866134
-0.213161861338661
-0.283354397602398
-0.412132349250749
-0.4735889998002
-0.493443285514486
-0.477498766833167
-0.527470476723277
-0.662051988811189
-0.80695772947053
-0.897920903096903
-0.903663373426574
-0.844100516283716
-0.791318661338661
-0.764683373426573
-0.775251962437562
-0.838174775624376
-0.870613623976024
-0.903480103096903
-0.904885175624376
-0.892789333866134
-0.856257448151848
-0.832065764635365
-0.787408894305694
-0.738842256943057
-0.689909078921079
-0.648734344855145
-0.600839698701299
-0.581229773426573
-0.547874573426573
-0.555999558041958
-0.559481694305694
-0.555449747052947
-0.544331347052947
-0.543476085514486
-0.54060485034965
-0.504928226173826
-0.465036384415584
-0.387085404195804
-0.292456823976024
-0.240591320679321
-0.268937131668332
-0.3457273998002
-0.422700938261738
-0.44041707012987
-0.430642652547453
-0.386230142657343
-0.364176612987013
-0.35690688991009
-0.371690696503497
-0.385863601998002
-0.366314766833167
-0.336686063536464
-0.311944569030969
-0.307546081118881
-0.308523522877123
-0.298504744855145
-0.309073333866134
-0.333142837162837
-0.357273430569431
-0.350797878921079
-0.35146987012987
-0.34591067012987
-0.352936032767233
-0.353363663536464
-0.342367443756244
-0.345055408591409
-0.337174784415584
-0.352386221778222
-0.342672894305694
-0.343100525074925
-0.351897500899101
-0.355318547052947
-0.355929448151848
-0.36234390969031
-0.350370248151848
-0.350736788811189
-0.344505597602398
-0.343650336063936
-0.370285623976024
-0.374012120679321
-0.425022362437563
-0.38494725034965
-0.150544498701299
0.129187114485515
0.178059202397602
0.233162481518482
0.15979325954046
-0.276634485514486
-0.514947004195804
-0.460821166833167
-0.248655215184815
-0.411032727272727
-0.777512296503497
-1.18107356243756
-1.49916976463536
-1.1672671976024
-0.0362449030969031
0.940402683716284
1.07852742217782
0.814984688111888
0.715285628771229
0.753711307892108
0.840581444155844
0.918593514485515
0.954514499100899
0.984570833166833
0.980966516683317
0.996239044155844
1.04028501338661
1.09343340899101
1.18256387932068
1.27279397162837
1.37322611228771
1.42344218261738
1.4350493034965
1.33260118921079
1.14817014745255
0.938569980419581
0.679486824375624
0.490229663936064
0.328585233166833
0.207077004595405
0.146719976023976
0.152584626573427
0.107133584815185
0.0567342441558442
0.0309542177822178
0.0134824463536464
0.00896177822177822
0.0775659716283716
0.130592187012987
0.149285760639361
0.253994208991009
0.26034758041958
0.311846543056943
0.325775088111888
0.321987501298701
0.344285391408591
0.416127360639361
0.480699606793207
0.438913971628372
0.411301241958042
0.378556943056943
0.373608644155844
0.312762894705295
0.196997136463536
0.163275395804196
0.152401356243756
0.186306367232767
0.151118463936064
0.149469030969031
0.211842033166833
0.259431228771229
0.271771430969031
0.291625716683317
0.236583527672328
0.285211255144855
0.258637057342657
0.155211501298701
0.123566824375624
0.0789099540459541
0.031626208991009
0.0618047232767233
0.0674861034965035
0.142810208991009
0.0849578749250749
-0.00215662177822178
-0.0163906173826174
-0.0774196371628372
-0.113646072327672
-0.071738256943057
-0.0988011756243756
-0.153843364635365
-0.1567145998002
-0.0929976151848152
-0.108758863536464
-0.175041632767233
-0.199966397602398
-0.17357547012987
-0.0848726305694306
-0.0543275756243756
-0.0816348547452548
-0.0703942745254745
-0.1066817998002
-0.0836508283716284
0.0211187100899101
0.0622323540459541
0.0580171364635365
0.0987031496503497
0.10438452987013
0.0757943584415584
0.0687079056943057
0.0835528023976024
0.069990798001998
0.0216685210789211
0.028877154045954
0.134379773826174
0.172500002397602
0.193942630969031
0.225892758441558
0.218928485914086
0.286616327672328
0.280934947452547
0.278063712287712
0.339886903496504
0.329135044155844
0.335854956243756
0.294313681518482
0.294191501298701
0.310808011188811
0.316794841958042
0.392913118881119
0.451742894705295
0.506174182617383
0.620718138661339
0.692621198001998
0.759148327672328
0.778941523276723
0.800078701298701
0.80466045954046
0.890675334265734
0.905459140859141
0.900755202397603
0.940647044155844
0.953475967232767
0.950604732067932
1.00906796723277
1.03949084195804
1.07773325074925
1.04724928591409
1.04309515844156
1.08469752327672
1.13442487272727
1.22300553206793
1.36058045954046
1.44360191888112
1.48886969030969
1.47714038921079
1.43193370789211
1.45887444635365
1.5233856023976
1.58307063976024
1.57732816943057
1.58924074085914
1.57824452107892
1.57085261778222
1.57549546613387
1.60878957602398
1.66102161998002
1.70653375184815
1.76976201558442
1.80464446833167
1.84453631008991
1.87893004195804
1.92279274085914
1.96922122437562
1.98321085954046
1.97936218261738
1.97484151448551
1.97172591888112
1.96353984415584
1.97814038041958
1.97667421778222
1.98803697822178
1.98473811228771
1.98376067052947
2.01809331228771
2.01497771668332
2.01888748371628
2.02053691668332
2.02915062217782
2.05419756723277
2.06928682437562
2.07087516723277
2.08370409030969
2.0786947012987
2.07362422217782
2.07900015184815
2.09616647272727
2.09072945294705
2.09305087712288
2.09897661778222
2.11229426173826
2.13025475404595
2.15353008591409
2.16000563756244
2.17002441558442
2.17265129030969
2.21095478921079
2.24583724195804
2.22610513646354
2.27180053866134
2.28921121998002
2.31627413866134
2.35207294305694
2.38328998921079
2.41389613426573
2.44486881998002
2.47193173866134
2.51695514965035
2.5314945958042
2.58030559360639
2.63345398921079
2.67609488591409
2.71311549250749
2.73559665294705
2.76815768151848
2.78147532547453
2.80340667492508
2.8366396947053
2.84366505734266
2.88093002437562
2.90909256503497
2.92277674965035
2.9379270969031
2.96615072767233
2.96004171668332
2.92320438041958
2.27381651228771
1.78509563316683
1.5795885034965
1.33773275844156
1.16973495624376
1.03154912767233
0.913095404595405
0.770449998001998
0.676249048551449
0.589378912287712
0.528838613386613
0.505074560639361
0.493039808991009
0.511916652947053
0.557123334265734
0.628904213386614
0.703922868331668
0.796657655144855
0.868805074925075
0.970642288111888
1.09068435404595
1.15886091668332
1.23058070569431
1.29906271888112
1.37676933866134
1.45753046393606
1.47927854305694
1.53749741778222
1.58264300899101
1.60683469250749
1.62705551888112
1.5857586045954
1.56627085954046
1.56058947932068
1.54452278041958
1.51629914965035
1.50096553206793
1.44537353206793
1.42472507492508
1.38464996283716
1.36552875844156
1.34353631888112
1.33608332547453
1.30425537822178
1.30199504415584
1.2960693034965
1.28336256063936
1.26405808591409
1.22856473206793
1.19936365954046
1.17370581338661
1.17291164195804
1.09074544415584
1.08048230569431
1.0663094001998
1.03503126393606
1.02434049470529
1.02525684635365
1.00925123756244
0.99379543976024
0.935026754045954
0.94357936943057
0.950910182617383
0.941441215584416
0.930261725474526
0.94370154965035
0.964777637562438
0.951948714485515
0.996483404595405
0.982188318881119
1.00680763316683
1.01248901338661
1.03087713646354
1.09086762437562
1.02873898261738
1.04114027492508
0.996605584815185
1.02623428811189
1.00473056943057
0.937225998001998
0.97149754965035
1.09661009470529
1.14578763316683
1.22740401998002
1.43315551008991
1.52424086393606
1.71960703536464
1.7222950001998
1.68191443756244
1.70702247272727
1.8013456023976
1.89762361558442
2.00135462217782
2.10985065734266
2.10068714085914
2.0298837034965
1.97575786613387
1.88858227932068
1.83445644195804
1.78485127272727
1.72076774745255
1.67006295624376
1.61825854305694
1.5468442045954
1.49730012547453
1.43614892547453
1.37121013866134
1.31531268811189
1.26363045514486
1.21714088151848
1.17266728151848
1.15293517602398
1.13931208151848
1.10424635844156
1.08207064855145
1.05054815184815
1.00809052547453
0.98255485954046
0.93832561998002
0.889025901298701
0.855976151848152
0.815351228771229
0.795252582617383
0.751206613386614
0.706061022177822
0.666352450749251
0.649919211188811
0.61595311008991
0.58247572987013
0.562987984815185
0.540201373826174
0.531404398001998
0.49346743976024
0.488763501298701
0.446672415584416
0.430055905694306
0.420953479320679
0.38802591008991
0.37147049030969
0.358458296903097
0.338542921078921
0.332983721078921
0.340253444155844
0.338298560639361
0.309158578221778
0.285883246353646
0.262485734265734
0.227603281518482
0.219722657342657
0.215996160639361
0.202250885914086
0.188933241958042
0.17671521998002
0.167673883716284
0.167918244155844
0.170789479320679
0.156372213386613
0.147086516683317
0.129675835364635
0.101085663936064
0.072739852947053
0.0475707276723277
0.0486703496503497
0.0417060771228771
0.0346196243756244
0.0524579364635365
0.0506863232767233
0.0636985166833167
0.0560011628371628
0.0597887496503497
0.0471430969030969
0.0549015408591409
0.0619269034965035
0.0768328903096903
0.0856298661338661
0.0886232815184815
0.0953431936063936
0.115197479320679
0.128026402397602
0.136212477122877
0.156372213386613
0.16547463976024
0.188444521078921
0.19314845954046
0.222105171628372
0.24874045954046
0.264623888111888
0.29926198041958
0.320215888111888
0.355342701298701
0.393218569430569
0.431522068331668
0.464632907892108
0.496583035364635
0.509717408991009
0.537391228771229
0.56048329030969
0.56573703976024
0.603796178221778
0.629759474925075
0.63818991008991
0.670445488111888
0.692621198001998
0.707527184815185
0.722677532067932
0.723471703496504
0.728725452947053
0.717057241958042
0.719500846353646
0.71015405954046
0.707405004595405
0.70465594965035
0.703739598001998
0.724021514485515
0.723532793606394
0.719012125474526
0.719806296903097
0.716996151848152
0.726465118881119
0.719989567232767
0.7160798001998
0.714247096903097
0.700746182617383
0.696714235364636
0.691888116683317
0.683518771628372
0.687856169430569
0.67679885954046
0.677348670529471
0.657616565034965
0.679547914485515
0.647719967232767
0.632203079320679
0.642954938661339
0.624078094705295
0.616808371628372
0.628965303496504
0.62126794965035
0.624994446353646
0.617846903496504
0.599947501298701
0.601963474925075
0.592494507892108
0.595060292507493
0.579054683716284
0.578504872727273
0.573800934265734
0.559078217782218
0.555229540859141
0.57673325954046
0.608622296903097
0.637395738661339
0.658288556243756
0.678937013386614
0.704106138661339
0.73251303976024
0.746136134265734
0.775581567232767
0.774848485914086
0.775031756243756
0.793297699100899
0.805637901298701
0.813762885914086
0.816634121078921
0.819994077122877
0.827935791408592
0.828852143056943
0.834289162837163
0.833556081518482
0.839970543056943
0.831906648551449
0.836427316683317
0.824514745254745
0.831723378221778
0.831234657342657
0.827752521078921
0.81577885954046
0.81040292987013
0.795496943056943
0.79922343976024
0.793419879320679
0.779430244155844
0.772710332067932
0.756765813386614
0.757254534265734
0.758903967232767
0.753283677122877
0.755482921078921
0.748396468331668
0.747296846353646
0.744303430969031
0.73801114965035
0.735078824375624
0.731352327672328
0.717607052947053
0.726404028771229
0.723349523276723
0.720417198001998
0.714369277122877
0.715468899100899
0.711375861738262
0.702334525474526
0.694087360639361
0.68797834965035
0.686695457342657
0.685534745254745
0.670628758441559
0.656578033166833
0.652362815584416
0.642893848551449
0.640450244155844
0.632141989210789
0.623528283716284
0.621878850749251
0.615464389210789
0.602696556243756
0.594388301298701
0.593288679320679
0.579848855144855
0.581315017782218
0.568241734265734
0.567569743056943
0.556084802397603
0.551258683716284
0.551319773826174
0.533848002397602
0.530549136463537
0.520652538661339
0.518942015584416
0.513382815584416
0.511122481518482
0.50452474965035
0.507945795804196
0.498599008991009
0.497560477122877
0.498354648551449
0.48790823976024
0.486747527672328
0.485464635364635
0.479722165034965
0.479050173826174
0.486808617782218
0.480882877122877
0.481371598001998
0.472269171628372
0.473796424375624
0.472818982617383
0.474529505694306
0.462433663936064
0.463838736463536
0.463899826573427
0.465121628771229
0.467381962837163
0.458279536463536
0.464571817782218
0.463288925474525
0.457729725474526
0.459745699100899
0.463899826573427
0.467565233166833
0.461700582617383
0.47715638041958
0.467870683716284
0.46603798041958
0.470008837562438
0.474773866133866
0.483570841958042
0.480638516683317
0.48253231008991
0.488580230969031
0.486808617782218
0.494261611188811
0.49933209030969
0.499820811188811
0.511672292507493
0.506479633166833
0.504097118881119
0.512405373826174
0.504219299100899
0.516254050749251
0.518270024375624
0.497927017782218
0.492428907892108
0.495605593606394
0.509778499100899
0.526089558441558
0.529449514485515
0.540873365034965
0.533542551848152
0.525539747452548
0.511672292507493
0.512649734265734
0.50458583976024
0.501348063936064
0.502753136463536
0.492856538661339
0.503913848551449
0.509778499100899
0.508129066133866
0.503547307892108
0.509106507892108
0.502630956243756
0.503364037562438
0.505685461738262
0.507945795804196
0.513932626573427
0.51564314965035
0.511183571628372
0.514665707892108
0.511733382617383
0.516498411188811
0.508373426573427
0.507273804595405
0.508923237562438
0.502020055144855
0.501958965034965
0.49902663976024
0.496094314485515
0.500065171628372
0.489313312287712
0.492062367232767
0.488396960639361
0.493100899100899
0.490351844155844
0.489557672727273
0.484975914485515
0.481860318881119
0.488396960639361
0.489313312287712
0.494444881518482
0.49383398041958
0.492856538661339
0.494872512287712
0.496583035364635
0.494444881518482
0.496766305694306
0.500431712287712
0.494444881518482
0.505746551848152
0.503241857342657
0.500798252947053
0.506357452947053
0.496094314485515
0.503974938661339
0.502569866133866
0.515276608991009
0.504402569430569
0.502692046353646
0.500248441958042
0.507273804595405
0.501042613386613
0.502508776023976
0.500370622177822
0.49939318041958
0.505013470529471
0.502264415584416
0.497193936463536
0.493100899100899
0.497621567232767
0.49328416943057
0.490535114485515
0.495055782617383
0.496338674925075
0.494383791408591
0.495239052947053
0.490107483716284
0.498782279320679
0.495972134265734
0.500492802397602
0.505135650749251
0.503791668331668
0.504341479320679
0.503241857342657
0.509045417782218
0.523035052947053
0.52670045954046
0.522790692507493
0.530121505694306
0.533786912287712
0.528044441958042
0.537696679320679
0.542400617782218
0.53830758041958
0.537269048551449
0.537269048551449
0.547715457342657
0.542034077122877
0.539162841958042
0.546066024375624
0.539773743056943
0.546982376023976
0.546738015584416
0.542644978221778
0.54380569030969
0.542461707892108
0.535986156243756
0.53244292987013
0.531037857342657
0.52694481998002
0.519308556243756
0.528655343056943
0.518086754045954
0.512344283716284
0.513382815584416
0.511733382617383
0.506907263936064
0.506540723276723
0.505929822177822
0.499942991408591
0.504036028771229
0.509656318881119
0.501897874925075
0.500920433166833
0.504341479320679
0.504097118881119
0.497010666133866
0.493956160639361
0.508006885914086
0.503425127672328
0.49902663976024
0.497621567232767
0.490657294705295
0.492551088111888
0.500370622177822
0.496521945254745
0.500676072727273
0.490901655144855
0.494750332067932
0.489007861738262
0.489985303496503
0.492489998001998
0.490840565034965
0.500859343056943
0.507518165034965
0.498049198001998
0.51020612987013
0.507151624375624
0.513504995804196
0.516681681518482
0.518697655144855
0.524073584815185
0.528838613386613
0.536108336463537
0.529877145254745
0.542767158441559
0.535497435364635
0.536230516683317
0.540201373826174
0.536230516683317
0.542034077122877
0.542950428771229
0.540751184815185
0.53806321998002
0.541728626573427
0.542034077122877
0.537269048551449
0.531465488111888
0.538551940859141
0.534214543056943
0.531037857342657
0.538613030969031
0.535008714485515
0.536169426573427
0.532992740859141
0.537391228771229
0.534397813386613
0.535680705694306
0.538674121078921
0.540018103496504
0.529327334265734
0.524806666133866
0.533542551848152
0.534825444155844
0.535680705694306
0.530732406793207
0.539407202397602
0.526333918881119
0.53244292987013
0.539468292507493
0.535802885914086
0.536597057342657
0.532076389210789
0.541972987012987
0.532809470529471
0.535191984815185
0.537330138661339
0.539773743056943
0.545088582617383
0.544233321078921
0.548753989210789
0.544722041958042
0.544294411188811
0.551380863936064
0.555046270529471
0.555290630969031
0.548143088111888
0.554252099100899
0.548631808991009
0.552724846353646
0.555351721078921
0.545394033166833
0.54912052987013
0.537452318881119
0.541056635364635
0.544538771628372
0.547104556243756
0.541117725474526
0.541850806793207
0.532076389210789
0.538735211188811
0.537207958441558
0.536474877122877
0.531037857342657
0.534825444155844
0.531587668331668
0.534397813386613
0.528533162837163
0.529266244155844
0.521874340859141
0.52712809030969
0.523951404595405
0.509045417782218
0.511550112287712
0.502386595804196
0.502936406793207
0.495605593606394
0.494567061738262
0.483937382617383
0.486503167232767
0.481249417782218
0.47697311008991
0.47697311008991
0.464449637562438
0.464022006793207
0.46041769030969
0.457790815584416
0.453758868331668
0.454125408991009
0.45449194965035
0.450582182617383
0.450093461738262
0.451009813386613
0.451559624375624
0.45455303976024
0.44905492987013
0.450582182617383
0.453392327672328
0.457118824375624
0.456019202397602
0.456019202397602
0.457241004595405
0.459134798001998
0.458462806793207
0.462433663936064
0.469642296903097
0.468909215584416
0.467015422177822
0.468481584815185
0.463716556243756
0.474346235364635
0.467748503496504
0.47153609030969
0.473552063936064
0.467198692507493
0.471047369430569
0.463960916683317
0.472696802397602
0.473429883716284
0.475201496903097
0.470864099100899
0.477522921078921
0.472208081518482
0.47159718041958
0.476423299100899
0.476301118881119
0.476423299100899
0.481860318881119
0.469336846353646
0.473246613386613
0.468909215584416
0.472696802397602
0.475201496903097
0.46029551008991
0.463899826573427
0.456752283716284
0.457607545254745
0.452109435364635
0.448138578221778
0.452537066133866
0.444778622177822
0.44343463976024
0.443007008991009
0.438913971628372
0.442335017782218
0.435615105694306
0.436959088111888
0.442762648551449
0.435126384815185
0.443862270529471
0.445389523276723
0.439952503496504
0.441113215584416
0.442396107892108
0.44905492987013
0.445328433166833
0.439769233166833
0.439097241958042
0.44337354965035
0.439280512287712
0.441724116683317
0.438730701298701
0.442457198001998
0.438364160639361
0.437692169430569
0.440868855144855
0.43793652987013
0.439891413386613
0.44893274965035
0.442029567232767
0.44355681998002
0.441907387012987
0.445022982617383
0.450704362837163
0.45443085954046
0.446489145254745
0.44893274965035
0.452231615584416
0.4492382001998
0.455163940859141
0.446916776023976
0.447405496903097
0.449971281518482
0.446550235364635
0.454003228771229
0.44929929030969
0.450337822177822
0.441601936463537
0.445878244155844
0.441601936463537
0.434087852947053
0.438791791408591
0.442884828771229
0.444473171628372
0.433599132067932
0.435370745254745
0.425596327672328
0.425290877122877
0.423580354045954
0.419731677122877
0.425535237562438
0.423946894705295
0.418082244155844
0.418326604595405
0.417837883716284
0.416188450749251
0.419487316683317
0.4158830001998
0.41026271008991
0.413683756243756
0.426207228771229
0.42125892987013
