-0.627291716283716
-0.627230626173826
-0.622099056943057
-0.613790801998002
-0.610675206393606
-0.603405483316683
-0.606459988811189
-0.613912982217782
-0.602977852547453
-0.590698740459541
-0.599495716283716
-0.582085034965035
-0.575609483316683
-0.575731663536464
-0.572310617382617
-0.575059672327672
-0.578541808591409
-0.569378292107892
-0.561925298701299
-0.558076621778222
-0.544820067932068
-0.540910300899101
-0.541582292107892
-0.539077597602398
-0.542193193206793
-0.542376463536464
-0.546469500899101
-0.543720445954046
-0.531013703096903
-0.525821043756244
-0.520445114085914
-0.508532542657343
-0.503156612987013
-0.512197949250749
-0.49613125034965
-0.495275988811189
-0.500529738261738
-0.495398169030969
-0.488494986613387
-0.493626555844156
-0.484340859140859
-0.486417922877123
-0.466258186613387
-0.472855918481519
-0.463386951448551
-0.459293914085914
-0.452390731668332
-0.451779830569431
-0.44591518001998
-0.441944322877123
-0.447381342657343
-0.455445237162837
-0.450252577822178
-0.452390731668332
-0.443532665734266
-0.434246969030969
-0.436140762437563
-0.431742274525475
-0.433758248151848
-0.424961272327672
-0.420868234965035
-0.42386165034965
-0.420501694305694
-0.42367838001998
-0.432902986613387
-0.429970661338661
-0.42349510969031
-0.418424630569431
-0.39588238001998
-0.391972612987013
-0.382198195404595
-0.374256481118881
-0.365276234965035
-0.362160639360639
-0.366009316283716
-0.385741421778222
-0.377494256943057
-0.376577905294705
-0.376761175624376
-0.369919083316683
-0.36222172947053
-0.358434142657343
-0.348171004195804
-0.347682283316683
-0.347071382217782
-0.354768736063936
-0.350186977822178
-0.358311962437562
-0.361671918481518
-0.356295988811189
-0.348842995404595
-0.345483039360639
-0.336747153646354
-0.330088331668332
-0.325873114085914
-0.31249438001998
-0.316831777822178
-0.304247215184815
-0.306446459140859
-0.31255547012987
-0.297832753646354
-0.302475601998002
-0.297771663536464
-0.287447434965035
-0.296672041558442
-0.28494274045954
-0.281155153646354
-0.278039558041958
-0.267165518481518
-0.258429632767233
-0.254336595404595
-0.24560070969031
-0.239064067932068
-0.237781175624376
-0.232832876723277
-0.231427804195804
-0.225074432767233
-0.222814098701299
-0.224707892107892
-0.211573518481518
-0.215055654745255
-0.213406221778222
-0.213039681118881
-0.208335742657343
-0.205831048151848
-0.180906283316683
-0.168321720679321
-0.169543522877123
-0.177118696503497
-0.18469387012987
-0.194957008591409
-0.188970177822178
-0.176691065734266
-0.161846169030969
-0.161051997602398
-0.149017245954046
-0.154148815184815
-0.152804832767233
-0.146023830569431
-0.131973105294705
-0.140464630569431
-0.140770081118881
-0.150300138261738
-0.150727769030969
-0.144863118481519
-0.147734353646354
-0.138082116283716
-0.131362204195804
-0.115173325074925
-0.102405492107892
-0.09568558001998
-0.0949524987012987
-0.103016393206793
-0.113951522877123
-0.114379153646354
-0.116883848151848
-0.118594371228771
-0.110652656943057
-0.111019197602398
-0.0979459140859141
-0.0911649118881119
-0.081207223976024
-0.0721658877122877
-0.0637354525474526
-0.0700277338661339
-0.072349158041958
-0.0729600591408592
-0.0624525602397603
-0.0564046393606394
-0.0494403668331668
-0.0369779844155844
-0.0388717778221778
-0.0415597426573427
-0.0493792767232767
-0.0429648151848152
-0.0401546701298701
-0.0390550481518482
-0.0424150041958042
-0.0388717778221778
-0.0369779844155844
-0.0361227228771229
-0.0331293074925075
-0.0246988723276723
-0.0273257470529471
-0.0165127976023976
-0.0185287712287712
-0.0206669250749251
-0.0146800943056943
-0.0169404283716284
-0.0090598041958042
-0.0125419404595405
-0.00331733386613386
-0.00258425254745255
0.00786215624375624
0.00108115404595405
0.0171478529470529
0.0131769958041958
0.0247841166833167
0.0208132595404595
0.019957998001998
0.0193470969030969
0.0187361958041958
0.0300989562437562
0.0288160639360639
0.035535976023976
0.0400566441558442
0.0451882133866134
0.0396290133866134
0.0522746661338661
0.0507474133866134
0.0480594485514486
0.0487925298701299
0.0478761782217782
0.0525801166833167
0.0481816287712288
0.0519692155844156
0.0435387804195804
0.049953241958042
0.0510528639360639
0.0507474133866134
0.0596054793206793
0.0563677034965035
0.053863008991009
0.0497088815184815
0.0490979804195804
0.0563677034965035
0.0641261474525475
0.0682802749250749
0.0814146485514486
0.0743281958041958
0.0845913342657343
0.0912501562437563
0.0938159408591409
0.0993751408591409
0.0834917122877123
0.0881956507492508
0.0797652155844156
0.0737783848151848
0.0748780067932068
0.07664961998002
0.08220881998002
0.0880123804195804
0.0868516683316683
0.0921665078921079
0.0904559848151848
0.0900894441558442
0.0871571188811189
0.087218208991009
0.0971758969030969
0.0826364507492508
0.0860574969030969
0.0844691540459541
0.0875847496503497
0.096687176023976
0.0966260859140859
0.102551826573427
0.105423061738262
0.11006591008991
0.0903338045954046
0.103895808991009
0.103284907892108
0.0932661298701299
0.102368556243756
0.108049936463536
0.109149558441558
0.0955875540459541
0.109393918881119
0.111104441958042
0.119534877122877
0.109577189210789
0.101146754045954
0.0967482661338661
0.108416477122877
0.106095052947053
0.105423061738262
0.110615721078921
0.100108222177822
0.103284907892108
0.104140169430569
0.114830938661339
0.110615721078921
0.0975424375624376
0.0915556067932068
0.0935104903096903
0.0835528023976024
0.0798873958041958
0.069440987012987
0.0689522661338661
0.0699297078921079
0.0687689958041958
0.0728620331668332
0.0857520463536464
0.0982755188811189
0.0962595452547453
0.0920443276723277
0.0831862617382617
0.087218208991009
0.0853855056943057
0.0804372067932068
0.0940603012987013
0.0974813474525475
0.101757655144855
0.105178701298701
0.109455008991009
0.11562511008991
0.116297101298701
0.127598771628372
0.129553655144855
0.116113830969031
0.114342217782218
0.116113830969031
0.118801795804196
0.128392943056943
0.133768872727273
0.130470006793207
0.134135413386613
0.127843132067932
0.127720951848152
0.129920195804196
0.126376969430569
0.123994455144855
0.12100103976024
0.125094077122877
0.125399527672328
0.121917391408591
0.125032987012987
0.119351606793207
0.118801795804196
0.118068714485514
0.114830938661339
0.119840327672328
0.122894833166833
0.121428670529471
0.116480371628372
0.127171140859141
0.129248204595405
0.126193699100899
0.128698393606394
0.124116635364635
0.127720951848152
0.123933365034965
0.117579993606394
0.123750094705295
0.123994455144855
0.125032987012987
0.126132608991009
0.125888248551449
0.12643805954046
0.123078103496503
0.128637303496503
0.124849716683317
0.123994455144855
0.125643888111888
0.122222841958042
0.130347826573427
0.132669250749251
0.129003844155844
0.13248598041958
0.136395747452547
0.143726560639361
0.134013233166833
0.138656081518482
0.14885812987013
0.150690833166833
0.146292345254745
0.151118463936064
0.144032011188811
0.147697417782218
0.152279176023976
0.151607184815185
0.152156995804196
0.155822402397602
0.148002868331668
0.147391967232767
0.147514147452547
0.150141022177822
0.153867518881119
0.156616573826174
0.153684248551449
0.150324292507493
0.161687052947053
0.16022089030969
0.169262226573427
0.174149435364635
0.171522560639361
0.173171993606394
0.178853373826174
0.174577066133866
0.174454885914086
0.180258446353646
0.180441716683317
0.186917268331668
0.194858982617383
0.191437936463536
0.194431351848152
0.188872151848152
0.189788503496504
0.191560116683317
0.196019694705295
0.190216134265734
0.181663518881119
0.178853373826174
0.181174798001998
0.188505611188811
0.189727413386613
0.19314845954046
0.199379650749251
0.19913529030969
0.193881540859141
0.191621206793207
0.194614622177822
0.191621206793207
0.196752776023976
0.203961408991009
0.200784723276723
0.203961408991009
0.209337338661339
0.21581289030969
0.220639008991009
0.220700099100899
0.224060055144855
0.218439765034965
0.219111756243756
0.222044081518482
0.228214182617383
0.218073224375624
0.219600477122877
0.221982991408591
0.22106663976024
0.226076028771229
0.22100554965035
0.222593892507493
0.228153092507493
0.222105171628372
0.227481101298701
0.223510244155844
0.221677540859141
0.226137118881119
0.221616450749251
0.229435984815185
0.228458543056943
0.220394648551449
0.221555360639361
0.224793136463536
0.224304415584416
0.218867395804196
0.221738630969031
0.230413426573427
0.224670956243756
0.235972626573427
0.236950068331668
0.230902147452547
0.239821303496504
0.240676565034965
0.23762205954046
0.242570358441558
0.246357945254745
0.256193452947053
0.245258323276723
0.249595721078921
0.249473540859141
0.246602305694306
0.258453787012987
0.251061883716284
0.253261127672328
0.249778991408591
0.259125778221778
0.256071272727273
0.260836301298701
0.257170894705295
0.268228204595405
0.26547914965035
0.263279905694306
0.263585356243756
0.269633277122877
0.270121998001998
0.26560132987013
0.277513901298701
0.274337215584416
0.277941532067932
0.277391721078921
0.289304292507493
0.276414279320679
0.285516705694306
0.290526094705295
0.293152969430569
0.297551457342657
0.300911413386613
0.299811791408591
0.305920802397602
0.307325874925075
0.303538288111888
0.306959334265734
0.309769479320679
0.302988477122877
0.308364406793207
0.316917022177822
0.320093707892108
0.326141628771229
0.319727167232767
0.316183940859141
0.32699689030969
0.330234666133866
0.317466833166833
0.328096512287712
0.336221496903097
0.329440494705295
0.329929215584416
0.33212845954046
0.331823008991009
0.341169795804196
0.335488415584416
0.344896292507493
0.342147237562438
0.345018472727273
0.3436134001998
0.347889707892108
0.350394402397602
0.347400987012987
0.350638762837163
0.343796670529471
0.349539140859141
0.347706437562438
0.347828617782218
0.352838006793207
0.359069198001998
0.354976160639361
0.348256248551449
0.34330794965035
0.346362455144855
0.348439518881119
0.33787092987013
0.33231172987013
0.334755334265734
0.334816424375624
0.330173576023976
0.330356846353646
0.322659492507492
0.320154798001998
0.319482806793207
0.317772283716284
0.313373795804196
0.305432081518482
0.306531703496503
0.30457681998002
0.299628521078921
0.308120046353646
0.300850323276723
0.297184916683317
0.296757285914086
0.290465004595405
0.290159554045954
0.285883246353646
0.289976283716284
0.286494147452547
0.281729118881119
0.275742288111888
0.280018595804196
0.270855079320679
0.275803378221778
0.273237593606394
0.277880441958042
0.274337215584416
0.27140489030969
0.264318437562438
0.266639861738262
0.273726314485515
0.278185892507493
0.267495123276723
0.270855079320679
0.268350384815185
0.27122161998002
0.27678081998002
0.273970674925075
0.280751677122877
0.27659754965035
0.278369162837163
0.281118217782218
0.272321241958042
0.285027984815185
0.286738507892108
0.288387940859141
0.290342824375624
0.287227228771229
0.295046762837163
0.297490367232767
0.295168943056943
0.300361602397602
0.298589989210789
0.298101268331668
0.304210279320679
0.303721558441558
0.310808011188811
0.315023228771229
0.312885074925075
0.312762894705295
0.319971527672328
0.318994085914086
0.321620960639361
0.316245030969031
0.322598402397602
0.322109681518482
0.335121874925075
0.325775088111888
0.335488415584416
0.330479026573427
0.33793201998002
0.341597426573427
0.332006279320679
0.34324685954046
0.344529751848152
0.347156626573427
0.344163211188811
0.347217716683317
0.351005303496504
0.355281611188811
0.352288195804196
0.359435738661339
0.353387817782218
0.36554474965035
0.367438543056943
0.362306973826174
0.363528776023976
0.368415984815185
0.372997743056943
0.371653760639361
0.371775940859141
0.372325751848152
0.379839835364635
0.380389646353646
0.378190402397602
0.385215765034965
0.383321971628372
0.395173452947053
0.391446956243756
0.389675343056943
0.3936462001998
0.396883976023976
0.404092608991009
0.394684732067932
0.394440371628372
0.401587914485515
0.411117971628372
0.413561576023976
0.414172477122877
0.411179061738262
0.423702534265734
0.417043712287712
0.423702534265734
0.429261734265734
0.426146138661339
0.425535237562438
0.435676195804196
0.440624494705295
0.444289901298701
0.453270147452547
0.450460002397602
0.463044565034965
0.457851905694306
0.464571817782218
0.467259782617383
0.468603765034965
0.475140406793207
0.480760696903097
0.48234903976024
0.498537918881119
0.497682657342657
0.507579255144855
0.50495238041958
0.507090534265734
0.514299167232767
0.522851782617383
0.529082973826174
0.530976767232767
0.540934455144855
0.551503044155844
0.555779351848152
0.556878973826174
0.557978595804196
0.57673325954046
0.567142112287712
0.578993593606394
0.587240758441559
0.594327211188811
0.598053707892108
0.605812151848152
0.61039391008991
0.617052732067932
0.626521699100899
0.626216248551449
0.628904213386614
0.637090288111888
0.645703993606394
0.650652292507493
0.658410736463537
0.663542305694306
0.667329892507493
0.673622173826174
0.687245268331668
0.680891896903097
0.695248072727273
0.701723624375625
0.709054437562438
0.719317576023976
0.720356107892108
0.729153083716284
0.735323184815185
0.740332573826174
0.745586323276723
0.757437804595405
0.756154912287712
0.768617294705295
0.773382323276723
0.788593760639361
0.789265751848152
0.797207466133866
0.79940671008991
0.806187712287712
0.812724354045954
0.819566446353647
0.826591808991009
0.828180151848152
0.841009074925075
0.842414147452548
0.851088943056943
0.863856776023976
0.866605830969031
0.880106745254745
0.880228925474526
0.893302208991009
0.898861408991009
0.900083211188811
0.901427193606394
0.917921523276723
0.925985417782218
0.92714612987013
0.941624485914086
0.947428046353647
0.952620705694306
0.96037914965035
0.967037971628372
0.978706182617383
0.988847140859141
0.994650701298701
1.00002663096903
1.00381421778222
1.01719295184815
1.02434049470529
1.03289311008991
1.04327842877123
1.04938743976024
1.05604626173826
1.07156314965035
1.07608381778222
1.08494188371628
1.0903789034965
1.09929805954046
1.11182153206793
1.11444840679321
1.12727732987013
1.13246998921079
1.13998407272727
1.15226318481518
1.16869642437562
1.16826879360639
1.18073117602398
1.18879507052947
1.18867289030969
1.20168508371628
1.20767191448551
1.22098955844156
1.22960326393606
1.23809478921079
1.25153461338661
1.25422257822178
1.27175543976024
1.2695561958042
1.28336256063936
1.28305711008991
1.29661911448551
1.30706552327672
1.30682116283716
1.32398748371628
1.3325400991009
1.33553351448551
1.33779384855145
1.34769044635365
1.35453253866134
1.36717819140859
1.37029378701299
1.38361143096903
1.38104564635365
1.38746010789211
1.40114429250749
1.41427866613387
1.426435598002
1.42667995844156
1.43523257382617
1.44427391008991
1.45062728151848
1.4628453034965
1.4647390969031
1.47378043316683
1.49100784415584
1.48929732107892
1.49412343976024
1.50096553206793
1.51067885954046
1.51135085074925
1.52515721558442
1.53987993206793
1.54220135624376
1.55063179140859
1.56278872327672
1.5697529958042
1.56920318481519
1.57952741338661
1.59266178701299
1.59724354525475
1.60665142217782
1.61257716283716
1.62442864415584
1.63719647712288
1.63915136063936
1.65045303096903
1.66224342217782
1.6667030001998
1.67495016503497
1.68576311448551
1.69956947932068
1.70457886833167
1.70922171668332
1.72040120679321
1.72235609030969
1.7315806969031
1.74043876283716
1.74868592767233
1.75656655184815
1.76218684195804
1.7729387012987
1.78246875844156
1.79303734745255
1.80372811668332
1.80537754965035
1.81777884195804
1.82657581778222
1.83799966833167
1.84190943536464
1.84710209470529
1.85730414305694
1.86775055184815
1.87966312327672
1.88119037602398
1.90379371668332
1.90434352767233
1.915645198002
1.92267056063936
1.92847412107892
1.93238388811189
1.94502954085914
1.95914135624376
1.96347875404595
1.97630767712288
1.97423061338661
1.99414598921079
1.99970518921079
2.00294296503497
2.01418354525475
2.02597393646354
2.0373366969031
2.0484550969031
2.04924926833167
2.060184398002
2.07478493426573
2.07454057382617
2.09470031008991
2.10190894305694
2.11174445074925
2.12646716723277
2.14094552327672
2.14522183096903
2.15737876283716
2.1781494001998
2.17949338261738
2.19177249470529
2.20203563316683
2.22347826173826
2.24180529470529
2.25005245954046
2.26575261778222
2.27222816943057
2.29183809470529
2.30625536063936
2.3220776991009
2.33478444195804
2.34504758041958
2.35793759360639
2.37235485954046
2.3795024023976
2.40210574305694
2.41389613426573
2.42654178701299
2.44242521558442
2.44700697382617
2.46307367272727
2.47272591008991
2.48188942657343
2.49056422217782
2.50266006393606
2.51548898701299
2.52953971228771
2.53998612107892
2.54450678921079
2.55446447712288
2.55812988371628
2.57328023096903
2.58378772987013
2.58323791888112
2.59979333866134
2.60529144855145
2.61414951448551
2.62038070569431
2.63272090789211
2.63992954085914
2.65734022217782
2.66051690789211
2.6691917034965
2.67310147052947
2.68519731228771
2.6895958001998
2.6877630969031
2.6889848991009
2.69906476723277
2.70327998481518
2.70761738261738
2.71598672767233
2.71971322437562
2.73577992327672
2.74091149250749
2.74372163756244
2.75355714525475
2.75655056063936
2.76443118481519
2.77341143096903
2.77347252107892
2.78092551448551
2.78672907492507
2.7921050045954
2.79864164635365
2.81104293866134
2.81709085954046
2.82882016063936
2.82900343096903
2.83523462217782
2.84427595844156
2.8458643012987
2.87042252547453
2.86657384855145
2.86858982217782
2.86577967712288
2.87311049030969
2.87818096943057
2.88141874525475
2.8921706045954
2.90053994965035
2.90475516723277
2.9008454001998
2.91031436723277
2.90970346613387
2.92522035404595
2.92198257822178
2.92815267932068
2.92913012107892
2.92937448151848
2.94122596283716
2.94910658701299
2.95161128151848
2.96071370789211
2.96181332987013
2.95912536503497
2.96761689030969
2.97305391008991
2.97769675844156
2.98704354525475
2.99095331228771
2.994129998002
3.00378223536464
3.0058592991009
3.01025778701299
3.01783296063936
3.02045983536464
3.02168163756244
3.0225368991009
3.02485832327672
3.01917694305694
3.01532826613387
3.02571358481518
3.0354880023976
3.04526241998002
3.05314304415584
3.05375394525475
3.04959981778222
3.05344849470529
3.04306317602398
3.04856128591409
3.05039398921079
3.05173797162837
3.05063834965035
3.05436484635365
3.05699172107892
3.0577248023976
3.0731806001998
3.08393245954046
3.07647946613387
3.0874145958042
3.08857530789211
3.0867426045954
3.09309597602398
3.0855208023976
3.08875857822178
3.09315706613387
3.1009766001998
3.11350007272727
3.11478296503497
3.12718425734266
3.1238243012987
3.13530924195804
3.13549251228771
3.13036094305694
3.12608463536464
3.1194869034965
3.12125851668332
3.11191172987013
3.12046434525475
3.121991598002
3.13873028811189
3.13793611668332
3.14477820899101
3.1430065958042
3.14881015624376
3.15669078041958
3.15320864415584
3.14813816503497
3.13976881998002
3.1398910001998
3.13799720679321
3.13256018701299
3.13036094305694
3.13763066613387
3.13830265734266
3.14593892107892
3.1590122045954
3.16921425294705
3.16915316283716
3.16597647712288
3.16005073646354
3.15455262657343
3.13695867492507
3.13146056503497
3.13292672767233
3.12956677162837
3.12131960679321
3.12248031888112
3.1244352023976
3.13799720679321
3.14373967712288
3.15479698701299
3.16487685514486
3.16970297382617
3.17196330789211
3.16542666613387
3.1547358969031
3.14685527272727
3.14447275844156
3.1417237034965
3.14392294745255
3.14819925514486
3.15253665294705
3.15626314965035
3.16658737822178
3.17770577822178
3.17782795844156
3.18167663536464
3.17709487712288
3.1781944991009
3.1714134969031
3.16023400679321
3.15675187052947
3.15516352767233
3.14997086833167
3.14911560679321
3.15864566393606
3.17251311888112
3.16787027052947
3.17416255184815
3.17495672327672
3.17275747932068
3.16298306173826
3.15577442877123
3.15913438481518
3.15669078041958
3.15754604195804
3.14178479360639
3.14056299140859
3.1355536023976
3.14575565074925
3.14929887712288
3.15467480679321
3.15406390569431
3.15638532987013
3.14325095624376
3.15705732107892
3.1436174969031
3.16053945734266
3.13995209030969
3.1528421034965
3.13799720679321
3.160905998002
3.11172845954046
3.16127253866134
3.10415328591409
3.16670955844156
3.07654055624376
3.19633826173826
3.02284234965035
3.11508841558442
-0.0446142481518482
-4.13447492507493
-9.37899976903097
-14.2081118657343
-15.7524698437562
-15.5246037338661
-14.7692245250749
-13.4695324371628
-10.8409471888112
-5.72715518001998
2.03849740899101
10.9864879848152
19.2583943144855
28.3553225782218
35.4857602045954
42.621757030969
44.1304994749251
44.8236278617383
41.1003689342657
48.3063139364635
48.2945846353646
39.4238119584416
39.9797319584416
34.9937404595405
33.4835318529471
29.4644135232767
31.877533954046
26.3089260771229
20.2103614969031
18.4140068155844
14.4718009342657
11.2600494969031
3.3202290045954
-0.896821281118881
-0.570416823976024
-2.66110365474526
-4.38897632287712
-5.30551124155844
-4.93335029210789
-4.69968062177822
-4.28732238001998
-3.88315021298701
-3.19161016903097
-2.56561981298701
-2.05160762837163
-1.43807965474525
-0.300887259140859
1.46113478041958
3.34087746173826
4.28514729030969
4.40213485074925
4.23890207712288
2.94318084635365
1.36131354085914
-0.722409017382617
-1.63533961958042
-2.35156006793207
-1.21644473606394
0.705694481518482
4.20023203756244
5.13845394525475
3.44375320679321
-3.06655871408591
-0.566079426173826
0.0622323540459541
-4.77274439320679
-5.14264500859141
-2.96185026573427
-0.815815795404595
1.98021744415584
1.34897333866134
3.05729717162837
-2.52475052947053
28.1126115716284
3.57729618701299
4.93270245514486
-1.36318318001998
-23.0766852987013
-20.0009815360639
-12.6260612899101
-10.8002611756244
-16.5714438569431
-16.7157386965035
-11.7511898261738
-3.97038688991009
-8.19281310529471
-10.2180113382617
-6.46322991408591
-4.93768768991009
-3.96904290749251
-3.23608376903097
-3.57495060859141
-5.12450124595405
-9.15608195804196
-14.1457999536464
-19.1168854657343
-23.0821834085914
-27.1590929822178
-30.2247168767233
-32.2221801998002
-34.9285942481519
-37.1484255712288
-38.5062754437563
-38.3737099052947
-36.5670309954046
-34.4407897206793
-34.1476793734266
-32.0328619492508
-31.385612234965
-30.2509245338661
-31.0769849998002
-30.4266196899101
-29.7982468195804
-25.0605866173826
-25.3296885514486
-15.7261400063936
-14.5781957514486
-21.9660060107892
-16.2539585558442
-18.6516231888112
-16.3075956723277
-14.0891083316683
-11.7089765602398
-11.1039401118881
-9.62109987452548
-9.17911292947053
-8.98826742617383
-8.28988528991009
-8.06708965914086
-9.29353470529471
-8.9742167008991
-9.24142484155844
-8.87824413826174
-8.06757838001998
-7.66584981738262
-7.76652631848152
-7.72144181738262
-7.67562423496504
-7.3787263008991
-8.22091455584416
-9.75403195364635
-11.6795922173826
-13.642906169031
-14.8879836987013
-14.5627399536464
-13.342709369031
-11.550936445954
-9.43080418221778
-7.04725136463536
-4.35458259100899
-2.05276834045954
-0.898715074525475
-1.06439145254745
-2.27153202397602
-3.75082903496504
-5.37112201958042
-6.81303188331668
-7.77941633166833
-8.34578274045954
-8.51689613826174
-8.33698576463537
-7.9791199008991
-7.29747645474526
-6.44197055584416
-5.52824578221778
-4.51421104815185
-3.46859272727273
-2.43690295144855
-1.42366238881119
-0.648734344855145
-0.114684604195804
0.567569743056943
1.30853168591409
2.06665994965035
2.81147056943057
3.44589136063936
3.98849371668332
4.44783025294705
4.72701205514486
4.95671086833167
5.02812520679321
4.75010411668332
4.4210116947053
4.06387891228771
3.81536434525475
3.89142153206793
4.11012412547453
4.42687634525475
4.69793316283716
4.71045663536464
4.63995864855145
4.5513168991009
4.43035848151848
4.31972429250749
4.25026483756244
4.1831878969031
4.28142079360639
4.31178257822178
4.07053773426574
3.81884648151848
3.65402536503497
3.57460822217782
3.89172698261738
3.39060481118881
3.2245008023976
3.23952896943057
3.15369736503497
3.19975930789211
3.16377723316683
3.10061005954046
2.93084064415584
2.81385308371628
2.89186515404595
3.07428022217782
3.05448702657343
3.01319011228771
2.9866770045954
2.91214707052947
2.86773456063936
2.92204366833167
2.99089222217782
3.05234887272727
3.02656884635365
2.92509817382617
2.8594873958042
2.90707659140859
2.9737259012987
2.97836874965035
2.98710463536464
2.93841581778222
2.91233034085914
2.95924754525475
3.09657811228771
3.14453384855145
3.06572760679321
2.85814341338661
2.50534802877123
2.06629340899101
1.61825854305694
1.08695785734266
0.590783984815185
0.180197356243756
-0.21798798001998
-0.521361465734266
-0.767615698701299
-0.928649228371628
-0.984302318481519
-1.00018574705295
-1.02804283716284
-1.04111612067932
-1.09725793166833
-1.18492223936064
-1.29683932067932
-1.45481834485515
-1.60204550969031
-1.68518914925075
-1.80865226133866
-1.90774041958042
-1.98960116683317
-2.09229364155844
-2.12906988771229
-2.170366801998
-2.24489673606394
-2.29963347452548
-2.33512682837163
-2.32431387892108
-2.27574724155844
-2.29914475364635
-2.34056384815185
-2.46078918441558
-2.6367287008991
-2.72854713606394
-2.77436471848152
-2.74076515804196
-2.62139508331668
-2.54374955364635
-2.49671016903097
-2.40580808551449
-2.31637216463537
-2.22388173826174
-2.11178138661339
-2.07488296023976
-2.03908415584416
-1.98465286793207
-1.95484089430569
-1.90700733826174
-1.81958739100899
-1.73406123716284
-1.61304172947053
-1.51529755364635
-1.44418866573427
-1.33917476683317
-1.27570214265734
-1.21253496903097
-1.1604861954046
-1.12053326353646
-1.05718281958042
-0.97941510969031
-0.924800551448552
-0.838113685514486
-0.775801773426574
-0.710618626173826
-0.627841527272727
-0.568523030569431
-0.525698863536464
-0.496681061338661
-0.4958257998002
-0.527653747052947
-0.526737395404595
-0.535473281118881
-0.552578511888112
-0.527409386613387
-0.494481817382617
-0.454284525074925
-0.400891769030969
-0.357639971228771
-0.294472797602398
-0.245234169030969
-0.188420366833167
-0.109980665734266
-0.0518228811188811
0.0103057606393606
0.0442107716283716
0.0740227452547453
0.133157971628372
0.17140038041958
0.190949215584416
0.225342947452547
0.242753628771229
0.260714121078921
0.277636081518482
0.263585356243756
0.244341971628372
0.250756433166833
0.220089198001998
0.204938850749251
0.184840204595405
0.140672055144855
0.118679615584416
0.0729231232767233
-0.0125419404595405
-0.0488294657342657
-0.0879271360639361
-0.102344401998002
-0.0997175272727273
-0.136738133866134
-0.152804832767233
-0.158058582217782
-0.176446705294705
-0.174858362437562
-0.18487714045954
-0.187504015184815
-0.163923232767233
-0.170520964635365
-0.190986151448551
-0.209985175624376
-0.237414634965035
-0.26264485034965
-0.299176736063936
-0.354157834965035
-0.395576929470529
-0.40125830969031
-0.425083452547453
-0.431070283316683
-0.419951883316683
-0.431070283316683
-0.403457553646354
-0.375783733866134
-0.352202951448552
-0.326178564635365
-0.302719962437563
-0.311394758041958
-0.313044191008991
-0.345544129470529
-0.330454872327672
-0.294167347052947
-0.27357998001998
-0.231794344855145
-0.193857386613387
-0.160074555844156
-0.144130037162837
-0.146695821778222
-0.152193931668332
-0.137349034965035
-0.12885750969031
-0.100939329470529
-0.0793134305694306
-0.0720437074925075
-0.0329460371628372
0.0154373298701299
0.068341365034965
0.10438452987013
0.140733145254745
0.175676688111888
0.217523413386613
0.257170894705295
0.266945312287712
0.288754481518482
0.325713998001998
0.368293804595405
0.391752406793207
0.409712899100899
0.447527677122877
0.474224055144855
0.494872512287712
0.540445734265734
0.572762402397602
0.611921162837163
0.629576204595405
0.644237830969031
0.645459633166833
0.628782033166833
0.584430613386614
0.535497435364635
0.473796424375624
0.399571940859141
0.344163211188811
0.312701804595405
0.265234789210789
0.233284661738262
0.19889092987013
0.179158824375624
0.183007501298701
0.162664494705295
0.134501954045954
0.129492565034965
0.108721927672328
0.0712736903096903
0.0338865430569431
0.039995554045954
0.0553291716283716
0.0542295496503497
0.0242343056943057
-0.0120532195804196
-0.0419873734265734
-0.0953190393606394
-0.120427074525475
-0.116089676723277
-0.0608031272727273
0.00688471448551448
0.0731674837162837
0.163641936463536
0.2657846001998
0.385948846353646
0.550464512287712
0.727748011188811
0.917554982617383
1.11377641558442
1.27175543976024
1.42203711008991
1.5425678969031
1.6481926969031
1.74318781778222
1.81869519360639
1.8791744023976
1.93348351008991
1.94753423536464
1.96268458261738
1.95480395844156
1.9341555012987
1.91576737822178
1.90189992327672
1.88858227932068
1.87648643756244
1.82981359360639
1.77373287272727
1.6951099012987
1.64519928151848
1.57256314085914
1.49259618701299
1.48153887712288
1.44238011668332
1.3936912991009
1.33767166833167
1.28305711008991
1.23980531228771
1.16674154085914
1.0792605034965
1.01261119360639
0.92152583976024
0.848400978221778
0.762263923276723
0.675271606793207
0.589317822177822
0.501958965034965
0.432132969430569
0.361207351848152
0.296451835364635
0.226442569430569
0.164130657342657
0.105484151848152
0.0566120639360639
0.0268611804195804
-0.00753255144855146
-0.0279977382617383
-0.072349158041958
-0.140708991008991
-0.180661922877123
-0.219087601998002
-0.268509500899101
-0.299787637162837
-0.335830801998002
-0.36784201958042
-0.397287452547453
-0.405778977822178
-0.432902986613387
-0.463325861338661
-0.478048577822178
-0.493932006393606
-0.513053210789211
-0.531013703096903
-0.535228920679321
-0.54579750969031
-0.538588876723277
-0.541215751448552
-0.547630212987013
-0.546469500899101
-0.529608630569431
-0.525515593206793
-0.516779707492508
-0.532846406393606
-0.553006142657343
-0.558076621778222
-0.563269281118881
-0.571333175624376
-0.558198801998002
-0.540116129470529
-0.513358661338661
-0.505539127272727
-0.498086133866134
-0.492099303096903
-0.486601193206793
-0.47902601958042
-0.464608753646354
-0.456544859140859
-0.424655821778222
-0.397043092107892
-0.37920478001998
-0.338579856943057
-0.285003830569431
-0.237475725074925
-0.19569008991009
-0.153110283316683
-0.120182714085914
-0.0938528767232767
-0.0763200151848152
-0.0640409030969031
-0.0501734481518482
-0.0281199184815185
-0.00631074925074926
0.0159871408591409
0.0261280991008991
0.0321149298701299
0.0268611804195804
0.0170256727272727
0.0187972859140859
0.0157427804195804
0.0240510353646354
0.0354137958041958
0.0361468771228771
0.0550848111888112
0.0742671056943057
0.0708460595404595
0.0880734705294705
0.111837523276723
0.110554630969031
0.119046156243756
0.134257593606394
0.150629743056943
0.16578009030969
0.15441732987013
0.159426718881119
0.142871299100899
0.150324292507493
0.164436107892108
0.178059202397602
0.180686077122877
0.15991543976024
0.137067738661339
0.123750094705295
0.125277347452547
0.127293321078921
0.144520732067932
0.157471835364635
0.173171993606394
0.181968969430569
0.192048837562438
0.177265030969031
0.156677663936064
0.144215281518482
0.128087492507493
0.131019817782218
0.119840327672328
0.112326244155844
0.0960151848151848
0.0837360727272727
0.0719456815184815
0.0658977606393606
0.0485481694305694
0.0360246969030969
0.0428056991008991
0.0476929078921079
0.0585058573426573
0.0813535584415584
0.106217233166833
0.105911782617383
0.109516099100899
0.100780213386613
0.109516099100899
0.117152362837163
0.113364776023976
0.138411721078921
0.147880688111888
0.150263202397602
0.152828987012987
0.126376969430569
0.115869470529471
0.0964428155844156
0.0717624111888112
0.0498921518481519
0.0384072111888112
0.0235623144855145
0.00309712767232767
-0.0059442085914086
-0.0187731316683317
-0.0347176503496504
-0.0423539140859141
-0.0527392327672328
-0.0528003228771229
-0.0615362085914086
-0.061230758041958
-0.0510287096903097
-0.0452251492507493
-0.04009358001998
-0.0262261250749251
-0.021155645954046
-0.00618856903096904
0.00920613866133866
0.0118330133866134
0.0248452067932068
0.0330312815184815
0.0549015408591409
0.0725565826173826
0.0908836155844156
0.102612916683317
0.125216257342657
0.129920195804196
0.125766068331668
0.130714367232767
0.119657057342657
0.120817769430569
0.122406112287712
0.126987870529471
0.130408916683317
0.120329048551449
0.119534877122877
0.118557435364635
0.113609136463536
0.120817769430569
0.119779237562438
0.114036767232767
0.117885444155844
0.111959703496503
0.116297101298701
0.10994372987013
0.110921171628372
0.111959703496503
0.100474762837163
0.0995584111888112
0.0965039056943057
0.0936326705294705
0.083858252947053
0.0795819452547453
0.0738394749250749
0.0621712639360639
0.0582614969030969
0.0457991144855145
0.0422558881118881
0.0342530837162837
0.0235623144855145
0.0198969078921079
0.020507808991009
0.0209354397602398
0.0175754837162837
0.0136046265734266
0.0212408903096903
0.0094504991008991
0.00383020899100898
0.024417576023976
0.0107333914085914
-0.00875435364635366
-0.0300137118881119
-0.0330682173826174
-0.0486461954045954
-0.0584817030969031
-0.0704553646353646
-0.0830399272727273
-0.0851780811188811
-0.0864609734265734
-0.0907372811188811
-0.0929976151848152
-0.096235391008991
-0.100450608591409
-0.0986789954045954
-0.0972739228771229
-0.0954412195804196
-0.098434634965035
-0.0792523404595405
-0.0700277338661339
-0.056221369030969
-0.0407655712287712
-0.0286697294705295
-0.00765473166833168
0.0014476947052947
0.0129937254745255
0.0396901034965035
0.0552680815184815
0.0693798969030969
0.0807426573426573
0.0963206353646354
0.120267958441558
0.121917391408591
0.144581822177822
0.14873594965035
0.157349655144855
0.164436107892108
0.169689857342657
0.166390991408591
0.163519756243756
0.166329901298701
0.151179554045954
0.151057373826174
0.148063958441558
0.150813013386613
0.147453057342657
0.130225646353646
0.14329892987013
0.141649496903097
0.154050789210789
0.150507562837163
0.157044204595405
0.159243448551449
0.157288565034965
0.15441732987013
0.155333681518482
0.166513171628372
0.167368433166833
0.172011281518482
0.175065787012987
0.18209114965035
0.186062006793207
0.187161628771229
0.184595844155844
0.188261250749251
0.178181382617383
0.174393795804196
0.173782894705295
0.170117488111888
0.15453951008991
0.156738754045954
0.154844960639361
0.151607184815185
0.16022089030969
0.155211501298701
0.155333681518482
0.158266006793207
0.153562068331668
0.150202112287712
0.149530121078921
0.149652301298701
0.149591211188811
0.148369408991009
0.152095905694306
0.144948362837163
0.149530121078921
0.150813013386613
0.153867518881119
0.151607184815185
0.155455861738262
0.152034815584416
0.15472278041958
0.154844960639361
0.150568652947053
0.153562068331668
0.154906050749251
0.157410745254745
0.161320512287712
0.158266006793207
0.147941778221778
0.149774481518482
0.145742534265734
0.138839351848152
0.144459641958042
0.134501954045954
0.136517927672328
0.136640107892108
0.130897637562438
0.13780081998002
0.13773972987013
0.13205834965035
0.1323638001998
0.132974701298701
0.126376969430569
0.126376969430569
0.129431474925075
0.137067738661339
0.133829962837163
0.138106270529471
0.139694613386613
0.144765092507493
0.155333681518482
0.157960556243756
0.159182358441558
0.161625962837163
0.167307343056943
0.167796063936064
0.170361848551449
0.17140038041958
0.180075176023976
0.17121711008991
0.175921048551449
0.168834595804196
0.173110903496504
0.172805452947053
0.167796063936064
0.166879712287712
0.169445496903097
0.17091165954046
0.1768374001998
0.17659303976024
0.175737778221778
0.17689849030969
0.172988723276723
0.171583650749251
0.177326121078921
0.172927633166833
0.177020670529471
0.181968969430569
0.175493417782218
0.177570481518482
0.180014085914086
0.180075176023976
0.182885321078921
0.192048837562438
0.184656934265734
0.202434156243756
0.195225523276723
0.20469449030969
0.215996160639361
0.2157518001998
0.232673760639361
0.246785576023976
0.261263932067932
0.263707536463537
0.27702518041958
0.288510121078921
0.302683026573427
0.303171747452547
0.317039202397602
0.318016644155844
0.32149878041958
0.319849347452547
0.323759114485515
0.318810815584416
0.323636934265734
0.320460248551449
0.30995274965035
0.314229057342657
0.311602182617383
0.310624740859141
0.294741312287712
0.295596573826174
0.292603158441558
0.288265760639361
